1698790467557 1.0 0
1698790467559 1.0 100
1698790467560 1.0 200
1698790467561 1.0 300
1698790467562 1.0 400
1698790467563 1.0 500
1698790467564 1.0 600
1698790467565 1.0 700
1698790467566 1.0 800
1698790467567 1.0 900
1698790467568 1.0 1000
1698790467569 1.0 1100
1698790467570 1.0 1200
1698790467571 1.0 1300
1698790467572 1.0 1400
1698790467573 1.0 1500
1698790467575 1.0 1600
1698790467576 1.0 1700
1698790467577 1.0 1800
1698790467578 1.0 1900
1698790467579 1.0 2000
1698790467580 1.0 2100
1698790467581 1.0 2200
1698790467582 1.0 2300
1698790467583 1.0 2400
1698790467584 1.0 2500
1698790467585 1.0 2600
1698790467586 1.0 2700
1698790467588 1.0 2800
1698790467589 1.0 2900
1698790467590 1.0 3000
1698790467591 1.0 3100
1698790467592 1.0 3200
1698790467593 1.0 3300
1698790467594 1.0 3400
1698790467595 1.0 3500
1698790467596 1.0 3600
1698790467597 1.0 3700
1698790467598 1.0 3800
1698790467599 1.0 3900
1698790467600 1.0 4000
1698790467601 1.0 4100
1698790467602 1.0 4200
1698790467604 1.0 4300
1698790467605 1.0 4400
1698790467606 1.0 4500
1698790467607 1.0 4600
1698790467608 1.0 4700
1698790467609 1.0 4800
1698790467610 1.0 4900
1698790467611 1.0 5000
1698790467612 1.0 5100
1698790467613 1.0 5200
1698790467614 1.0 5300
1698790467614 1.0 5400
1698790467615 1.0 5500
1698790467615 1.0 5600
1698790467616 1.0 5700
1698790467617 1.0 5800
1698790467617 1.0 5900
1698790467618 1.0 6000
1698790467618 1.0 6100
1698790467619 1.0 6200
1698790467619 1.0 6300
1698790467620 1.0 6400
1698790467621 1.0 6500
1698790467621 1.0 6600
1698790467622 1.0 6700
1698790467622 1.0 6800
1698790467623 1.0 6900
1698790467623 1.0 7000
1698790467624 1.0 7100
1698790467624 1.0 7200
1698790467625 1.0 7300
1698790467626 1.0 7400
1698790467626 1.0 7500
1698790467627 1.0 7600
1698790467627 1.0 7700
1698790467628 1.0 7800
1698790467629 1.0 7900
1698790467629 1.0 8000
1698790467630 1.0 8100
1698790467630 1.0 8200
1698790467631 1.0 8300
1698790467632 1.0 8400
1698790467632 1.0 8500
1698790467633 1.0 8600
1698790467633 1.0 8700
1698790467634 1.0 8800
1698790467634 0.9996666666666667 8900
1698790467635 0.9973333333333333 9000
1698790467636 0.9886666666666667 9100
1698790467636 0.9156666666666666 9200
1698790467637 0.7276666666666667 9300
1698790467637 0.48333333333333334 9400
1698790467638 0.25333333333333335 9500
1698790467638 0.123 9600
1698790467639 0.04933333333333333 9700
1698790467640 0.014 9800
1698790467640 0.001 9900
