1698789404080 1.0 0
1698789404081 1.0 100
1698789404082 1.0 200
1698789404083 1.0 300
1698789404084 1.0 400
1698789404086 1.0 500
1698789404087 1.0 600
1698789404088 1.0 700
1698789404089 1.0 800
1698789404090 1.0 900
1698789404091 1.0 1000
1698789404092 1.0 1100
1698789404093 1.0 1200
1698789404094 1.0 1300
1698789404095 1.0 1400
1698789404096 1.0 1500
1698789404097 1.0 1600
1698789404098 1.0 1700
1698789404099 1.0 1800
1698789404100 1.0 1900
1698789404101 1.0 2000
1698789404103 1.0 2100
1698789404104 1.0 2200
1698789404105 1.0 2300
1698789404106 1.0 2400
1698789404107 1.0 2500
1698789404108 1.0 2600
1698789404109 1.0 2700
1698789404110 1.0 2800
1698789404111 1.0 2900
1698789404112 1.0 3000
1698789404113 1.0 3100
1698789404114 1.0 3200
1698789404115 1.0 3300
1698789404116 1.0 3400
1698789404117 1.0 3500
1698789404119 1.0 3600
1698789404120 1.0 3700
1698789404121 1.0 3800
1698789404122 1.0 3900
1698789404123 1.0 4000
1698789404124 1.0 4100
1698789404125 1.0 4200
1698789404126 1.0 4300
1698789404127 1.0 4400
1698789404128 1.0 4500
1698789404129 1.0 4600
1698789404130 1.0 4700
1698789404131 1.0 4800
1698789404132 1.0 4900
1698789404133 1.0 5000
1698789404134 1.0 5100
1698789404136 1.0 5200
1698789404137 1.0 5300
1698789404138 1.0 5400
1698789404139 1.0 5500
1698789404140 1.0 5600
1698789404141 1.0 5700
1698789404142 1.0 5800
1698789404143 1.0 5900
1698789404143 1.0 6000
1698789404144 1.0 6100
1698789404144 1.0 6200
1698789404145 1.0 6300
1698789404146 1.0 6400
1698789404146 1.0 6500
1698789404147 1.0 6600
1698789404147 1.0 6700
1698789404148 1.0 6800
1698789404148 1.0 6900
1698789404149 1.0 7000
1698789404150 1.0 7100
1698789404150 1.0 7200
1698789404151 1.0 7300
1698789404151 1.0 7400
1698789404152 1.0 7500
1698789404152 1.0 7600
1698789404153 1.0 7700
1698789404153 1.0 7800
1698789404154 1.0 7900
1698789404155 1.0 8000
1698789404155 1.0 8100
1698789404156 1.0 8200
1698789404156 1.0 8300
1698789404157 1.0 8400
1698789404158 1.0 8500
1698789404158 1.0 8600
1698789404159 1.0 8700
1698789404159 1.0 8800
1698789404160 1.0 8900
1698789404160 0.9976666666666667 9000
1698789404161 0.9883333333333333 9100
1698789404161 0.9336666666666666 9200
1698789404162 0.7893333333333333 9300
1698789404163 0.5586666666666666 9400
1698789404163 0.34833333333333333 9500
1698789404164 0.184 9600
1698789404164 0.08533333333333333 9700
1698789404165 0.03166666666666667 9800
1698789404165 0.005333333333333333 9900
