1698790609285 1.0 0
1698790609287 1.0 100
1698790609288 1.0 200
1698790609289 1.0 300
1698790609290 1.0 400
1698790609292 1.0 500
1698790609293 1.0 600
1698790609294 1.0 700
1698790609295 1.0 800
1698790609296 1.0 900
1698790609298 1.0 1000
1698790609299 1.0 1100
1698790609300 1.0 1200
1698790609301 1.0 1300
1698790609302 1.0 1400
1698790609304 1.0 1500
1698790609305 1.0 1600
1698790609306 1.0 1700
1698790609307 1.0 1800
1698790609309 1.0 1900
1698790609310 1.0 2000
1698790609311 1.0 2100
1698790609312 1.0 2200
1698790609313 1.0 2300
1698790609315 1.0 2400
1698790609316 1.0 2500
1698790609317 1.0 2600
1698790609318 1.0 2700
1698790609319 1.0 2800
1698790609321 1.0 2900
1698790609322 1.0 3000
1698790609323 1.0 3100
1698790609325 1.0 3200
1698790609326 1.0 3300
1698790609327 1.0 3400
1698790609328 1.0 3500
1698790609330 1.0 3600
1698790609331 1.0 3700
1698790609332 1.0 3800
1698790609333 1.0 3900
1698790609334 1.0 4000
1698790609336 1.0 4100
1698790609337 1.0 4200
1698790609338 1.0 4300
1698790609339 1.0 4400
1698790609340 1.0 4500
1698790609341 1.0 4600
1698790609342 1.0 4700
1698790609343 1.0 4800
1698790609344 1.0 4900
1698790609345 1.0 5000
1698790609346 1.0 5100
1698790609347 1.0 5200
1698790609348 1.0 5300
1698790609349 1.0 5400
1698790609350 1.0 5500
1698790609351 1.0 5600
1698790609352 1.0 5700
1698790609353 1.0 5800
1698790609354 1.0 5900
1698790609355 1.0 6000
1698790609356 1.0 6100
1698790609357 1.0 6200
1698790609358 1.0 6300
1698790609359 1.0 6400
1698790609360 1.0 6500
1698790609360 1.0 6600
1698790609361 1.0 6700
1698790609361 1.0 6800
1698790609362 1.0 6900
1698790609363 1.0 7000
1698790609363 1.0 7100
1698790609364 1.0 7200
1698790609364 1.0 7300
1698790609365 1.0 7400
1698790609365 1.0 7500
1698790609366 1.0 7600
1698790609367 1.0 7700
1698790609367 1.0 7800
1698790609368 1.0 7900
1698790609368 1.0 8000
1698790609369 1.0 8100
1698790609369 1.0 8200
1698790609370 1.0 8300
1698790609371 1.0 8400
1698790609371 1.0 8500
1698790609372 1.0 8600
1698790609372 1.0 8700
1698790609373 1.0 8800
1698790609373 0.9996666666666667 8900
1698790609374 0.9973333333333333 9000
1698790609374 0.989 9100
1698790609375 0.9256666666666666 9200
1698790609376 0.7443333333333333 9300
1698790609376 0.49266666666666664 9400
1698790609377 0.258 9500
1698790609377 0.12466666666666666 9600
1698790609378 0.049 9700
1698790609379 0.014666666666666666 9800
1698790609379 0.001 9900
