1698789049811 1.0 0
1698789049812 1.0 100
1698789049813 1.0 200
1698789049814 1.0 300
1698789049815 1.0 400
1698789049816 1.0 500
1698789049818 1.0 600
1698789049819 1.0 700
1698789049820 1.0 800
1698789049821 1.0 900
1698789049822 1.0 1000
1698789049823 1.0 1100
1698789049824 1.0 1200
1698789049825 1.0 1300
1698789049826 1.0 1400
1698789049827 1.0 1500
1698789049828 1.0 1600
1698789049829 1.0 1700
1698789049830 1.0 1800
1698789049831 1.0 1900
1698789049832 1.0 2000
1698789049834 1.0 2100
1698789049835 1.0 2200
1698789049836 1.0 2300
1698789049837 1.0 2400
1698789049838 1.0 2500
1698789049839 1.0 2600
1698789049840 1.0 2700
1698789049841 1.0 2800
1698789049842 1.0 2900
1698789049843 1.0 3000
1698789049844 1.0 3100
1698789049845 1.0 3200
1698789049846 1.0 3300
1698789049847 1.0 3400
1698789049848 1.0 3500
1698789049849 1.0 3600
1698789049851 1.0 3700
1698789049852 1.0 3800
1698789049853 1.0 3900
1698789049854 1.0 4000
1698789049855 1.0 4100
1698789049856 1.0 4200
1698789049857 1.0 4300
1698789049858 1.0 4400
1698789049859 1.0 4500
1698789049860 1.0 4600
1698789049861 1.0 4700
1698789049863 1.0 4800
1698789049864 1.0 4900
1698789049865 1.0 5000
1698789049866 1.0 5100
1698789049867 1.0 5200
1698789049868 1.0 5300
1698789049869 1.0 5400
1698789049870 1.0 5500
1698789049870 1.0 5600
1698789049871 1.0 5700
1698789049871 1.0 5800
1698789049872 1.0 5900
1698789049873 1.0 6000
1698789049873 1.0 6100
1698789049874 1.0 6200
1698789049874 1.0 6300
1698789049875 1.0 6400
1698789049876 1.0 6500
1698789049876 1.0 6600
1698789049877 1.0 6700
1698789049877 1.0 6800
1698789049878 1.0 6900
1698789049878 1.0 7000
1698789049879 1.0 7100
1698789049880 1.0 7200
1698789049880 1.0 7300
1698789049881 1.0 7400
1698789049881 1.0 7500
1698789049882 1.0 7600
1698789049882 1.0 7700
1698789049883 1.0 7800
1698789049884 1.0 7900
1698789049884 1.0 8000
1698789049885 1.0 8100
1698789049885 1.0 8200
1698789049886 1.0 8300
1698789049886 1.0 8400
1698789049887 1.0 8500
1698789049888 1.0 8600
1698789049888 1.0 8700
1698789049889 1.0 8800
1698789049889 1.0 8900
1698789049890 0.9993333333333333 9000
1698789049890 0.99 9100
1698789049891 0.9533333333333334 9200
1698789049892 0.849 9300
1698789049892 0.665 9400
1698789049893 0.44733333333333336 9500
1698789049893 0.27466666666666667 9600
1698789049894 0.16 9700
1698789049894 0.068 9800
1698789049895 0.012 9900
