1698790751000 1.0 0
1698790751001 1.0 100
1698790751002 1.0 200
1698790751003 1.0 300
1698790751004 1.0 400
1698790751004 1.0 500
1698790751005 1.0 600
1698790751006 1.0 700
1698790751007 1.0 800
1698790751008 1.0 900
1698790751009 1.0 1000
1698790751010 1.0 1100
1698790751011 1.0 1200
1698790751012 1.0 1300
1698790751013 1.0 1400
1698790751014 1.0 1500
1698790751015 1.0 1600
1698790751016 1.0 1700
1698790751017 1.0 1800
1698790751018 1.0 1900
1698790751019 1.0 2000
1698790751020 1.0 2100
1698790751021 1.0 2200
1698790751021 1.0 2300
1698790751022 1.0 2400
1698790751023 1.0 2500
1698790751024 1.0 2600
1698790751025 1.0 2700
1698790751026 1.0 2800
1698790751027 1.0 2900
1698790751028 1.0 3000
1698790751029 1.0 3100
1698790751030 1.0 3200
1698790751031 1.0 3300
1698790751032 1.0 3400
1698790751033 1.0 3500
1698790751034 1.0 3600
1698790751035 1.0 3700
1698790751036 1.0 3800
1698790751036 1.0 3900
1698790751037 1.0 4000
1698790751038 1.0 4100
1698790751039 1.0 4200
1698790751040 1.0 4300
1698790751041 1.0 4400
1698790751042 1.0 4500
1698790751043 1.0 4600
1698790751044 1.0 4700
1698790751045 1.0 4800
1698790751046 1.0 4900
1698790751047 1.0 5000
1698790751048 1.0 5100
1698790751049 1.0 5200
1698790751050 1.0 5300
1698790751051 1.0 5400
1698790751052 1.0 5500
1698790751052 1.0 5600
1698790751053 1.0 5700
1698790751054 1.0 5800
1698790751055 1.0 5900
1698790751056 1.0 6000
1698790751057 1.0 6100
1698790751058 1.0 6200
1698790751059 1.0 6300
1698790751060 1.0 6400
1698790751061 1.0 6500
1698790751062 1.0 6600
1698790751063 1.0 6700
1698790751064 1.0 6800
1698790751065 1.0 6900
1698790751066 1.0 7000
1698790751067 1.0 7100
1698790751067 1.0 7200
1698790751068 1.0 7300
1698790751069 1.0 7400
1698790751070 1.0 7500
1698790751071 1.0 7600
1698790751072 1.0 7700
1698790751073 1.0 7800
1698790751074 1.0 7900
1698790751075 1.0 8000
1698790751076 1.0 8100
1698790751077 1.0 8200
1698790751077 1.0 8300
1698790751078 1.0 8400
1698790751078 1.0 8500
1698790751079 1.0 8600
1698790751080 1.0 8700
1698790751080 1.0 8800
1698790751081 1.0 8900
1698790751081 0.999 9000
1698790751082 0.991 9100
1698790751082 0.9396666666666667 9200
1698790751083 0.7836666666666666 9300
1698790751084 0.5183333333333333 9400
1698790751084 0.2866666666666667 9500
1698790751085 0.14266666666666666 9600
1698790751085 0.059 9700
1698790751086 0.015 9800
1698790751086 0.002 9900
