1698789758992 1.0 0
1698789758993 1.0 100
1698789758994 1.0 200
1698789758995 1.0 300
1698789758996 1.0 400
1698789758997 1.0 500
1698789758998 1.0 600
1698789759000 1.0 700
1698789759001 1.0 800
1698789759002 1.0 900
1698789759003 1.0 1000
1698789759004 1.0 1100
1698789759005 1.0 1200
1698789759006 1.0 1300
1698789759007 1.0 1400
1698789759008 1.0 1500
1698789759009 1.0 1600
1698789759010 1.0 1700
1698789759011 1.0 1800
1698789759012 1.0 1900
1698789759013 1.0 2000
1698789759014 1.0 2100
1698789759016 1.0 2200
1698789759017 1.0 2300
1698789759018 1.0 2400
1698789759019 1.0 2500
1698789759020 1.0 2600
1698789759021 1.0 2700
1698789759022 1.0 2800
1698789759023 1.0 2900
1698789759024 1.0 3000
1698789759025 1.0 3100
1698789759026 1.0 3200
1698789759027 1.0 3300
1698789759028 1.0 3400
1698789759029 1.0 3500
1698789759031 1.0 3600
1698789759032 1.0 3700
1698789759033 1.0 3800
1698789759034 1.0 3900
1698789759035 1.0 4000
1698789759036 1.0 4100
1698789759037 1.0 4200
1698789759038 1.0 4300
1698789759039 1.0 4400
1698789759040 1.0 4500
1698789759041 1.0 4600
1698789759042 1.0 4700
1698789759043 1.0 4800
1698789759044 1.0 4900
1698789759045 1.0 5000
1698789759045 1.0 5100
1698789759046 1.0 5200
1698789759047 1.0 5300
1698789759047 1.0 5400
1698789759048 1.0 5500
1698789759048 1.0 5600
1698789759049 1.0 5700
1698789759050 1.0 5800
1698789759050 1.0 5900
1698789759051 1.0 6000
1698789759051 1.0 6100
1698789759052 1.0 6200
1698789759052 1.0 6300
1698789759053 1.0 6400
1698789759054 1.0 6500
1698789759054 1.0 6600
1698789759055 1.0 6700
1698789759055 1.0 6800
1698789759056 1.0 6900
1698789759056 1.0 7000
1698789759057 1.0 7100
1698789759058 1.0 7200
1698789759058 1.0 7300
1698789759059 1.0 7400
1698789759059 1.0 7500
1698789759060 1.0 7600
1698789759061 1.0 7700
1698789759061 1.0 7800
1698789759062 1.0 7900
1698789759062 1.0 8000
1698789759063 1.0 8100
1698789759063 1.0 8200
1698789759064 1.0 8300
1698789759065 1.0 8400
1698789759065 1.0 8500
1698789759066 1.0 8600
1698789759066 1.0 8700
1698789759067 1.0 8800
1698789759067 0.9996666666666667 8900
1698789759068 0.9983333333333333 9000
1698789759069 0.993 9100
1698789759069 0.9523333333333334 9200
1698789759070 0.8173333333333334 9300
1698789759070 0.5866666666666667 9400
1698789759071 0.341 9500
1698789759071 0.16866666666666666 9600
1698789759072 0.07366666666666667 9700
1698789759073 0.021666666666666667 9800
1698789759073 0.003 9900
