1698791034358 1.0 0
1698791034360 1.0 100
1698791034361 1.0 200
1698791034362 1.0 300
1698791034363 1.0 400
1698791034364 1.0 500
1698791034365 1.0 600
1698791034367 1.0 700
1698791034368 1.0 800
1698791034369 1.0 900
1698791034370 1.0 1000
1698791034371 1.0 1100
1698791034372 1.0 1200
1698791034373 1.0 1300
1698791034374 1.0 1400
1698791034375 1.0 1500
1698791034376 1.0 1600
1698791034377 1.0 1700
1698791034378 1.0 1800
1698791034379 1.0 1900
1698791034380 1.0 2000
1698791034381 1.0 2100
1698791034383 1.0 2200
1698791034384 1.0 2300
1698791034385 1.0 2400
1698791034386 1.0 2500
1698791034387 1.0 2600
1698791034388 1.0 2700
1698791034389 1.0 2800
1698791034390 1.0 2900
1698791034391 1.0 3000
1698791034392 1.0 3100
1698791034393 1.0 3200
1698791034394 1.0 3300
1698791034395 1.0 3400
1698791034396 1.0 3500
1698791034397 1.0 3600
1698791034398 1.0 3700
1698791034400 1.0 3800
1698791034401 1.0 3900
1698791034402 1.0 4000
1698791034403 1.0 4100
1698791034404 1.0 4200
1698791034405 1.0 4300
1698791034406 1.0 4400
1698791034407 1.0 4500
1698791034408 1.0 4600
1698791034409 1.0 4700
1698791034410 1.0 4800
1698791034410 1.0 4900
1698791034411 1.0 5000
1698791034411 1.0 5100
1698791034412 1.0 5200
1698791034413 1.0 5300
1698791034413 1.0 5400
1698791034414 1.0 5500
1698791034414 1.0 5600
1698791034415 1.0 5700
1698791034415 1.0 5800
1698791034416 1.0 5900
1698791034417 1.0 6000
1698791034417 1.0 6100
1698791034418 1.0 6200
1698791034418 1.0 6300
1698791034419 1.0 6400
1698791034419 1.0 6500
1698791034420 1.0 6600
1698791034420 1.0 6700
1698791034421 1.0 6800
1698791034422 1.0 6900
1698791034422 1.0 7000
1698791034423 1.0 7100
1698791034423 1.0 7200
1698791034424 1.0 7300
1698791034425 1.0 7400
1698791034425 1.0 7500
1698791034426 1.0 7600
1698791034426 1.0 7700
1698791034427 1.0 7800
1698791034428 1.0 7900
1698791034428 1.0 8000
1698791034429 1.0 8100
1698791034429 1.0 8200
1698791034430 1.0 8300
1698791034431 1.0 8400
1698791034431 1.0 8500
1698791034432 1.0 8600
1698791034432 1.0 8700
1698791034433 1.0 8800
1698791034433 1.0 8900
1698791034434 0.9993333333333333 9000
1698791034434 0.9923333333333333 9100
1698791034435 0.9443333333333334 9200
1698791034436 0.7866666666666666 9300
1698791034436 0.532 9400
1698791034437 0.2823333333333333 9500
1698791034437 0.14 9600
1698791034438 0.058 9700
1698791034438 0.01633333333333333 9800
1698791034439 0.001 9900
