1698791105065 1.0 0
1698791105066 1.0 100
1698791105067 1.0 200
1698791105068 1.0 300
1698791105069 1.0 400
1698791105070 1.0 500
1698791105071 1.0 600
1698791105072 1.0 700
1698791105073 1.0 800
1698791105073 1.0 900
1698791105074 1.0 1000
1698791105075 1.0 1100
1698791105076 1.0 1200
1698791105077 1.0 1300
1698791105078 1.0 1400
1698791105079 1.0 1500
1698791105080 1.0 1600
1698791105081 1.0 1700
1698791105082 1.0 1800
1698791105083 1.0 1900
1698791105084 1.0 2000
1698791105085 1.0 2100
1698791105086 1.0 2200
1698791105087 1.0 2300
1698791105087 1.0 2400
1698791105088 1.0 2500
1698791105089 1.0 2600
1698791105090 1.0 2700
1698791105091 1.0 2800
1698791105092 1.0 2900
1698791105093 1.0 3000
1698791105094 1.0 3100
1698791105095 1.0 3200
1698791105096 1.0 3300
1698791105097 1.0 3400
1698791105098 1.0 3500
1698791105099 1.0 3600
1698791105100 1.0 3700
1698791105101 1.0 3800
1698791105102 1.0 3900
1698791105102 1.0 4000
1698791105103 1.0 4100
1698791105104 1.0 4200
1698791105105 1.0 4300
1698791105106 1.0 4400
1698791105107 1.0 4500
1698791105108 1.0 4600
1698791105109 1.0 4700
1698791105110 1.0 4800
1698791105111 1.0 4900
1698791105112 1.0 5000
1698791105113 1.0 5100
1698791105114 1.0 5200
1698791105115 1.0 5300
1698791105116 1.0 5400
1698791105117 1.0 5500
1698791105117 1.0 5600
1698791105118 1.0 5700
1698791105119 1.0 5800
1698791105120 1.0 5900
1698791105121 1.0 6000
1698791105122 1.0 6100
1698791105123 1.0 6200
1698791105124 1.0 6300
1698791105125 1.0 6400
1698791105126 1.0 6500
1698791105127 1.0 6600
1698791105128 1.0 6700
1698791105129 1.0 6800
1698791105130 1.0 6900
1698791105131 1.0 7000
1698791105132 1.0 7100
1698791105132 1.0 7200
1698791105133 1.0 7300
1698791105134 1.0 7400
1698791105135 1.0 7500
1698791105136 1.0 7600
1698791105137 1.0 7700
1698791105138 1.0 7800
1698791105139 1.0 7900
1698791105140 1.0 8000
1698791105141 1.0 8100
1698791105142 1.0 8200
1698791105143 1.0 8300
1698791105144 1.0 8400
1698791105145 1.0 8500
1698791105146 1.0 8600
1698791105147 1.0 8700
1698791105148 1.0 8800
1698791105149 1.0 8900
1698791105149 0.999 9000
1698791105150 0.9903333333333333 9100
1698791105151 0.943 9200
1698791105152 0.7936666666666666 9300
1698791105153 0.5233333333333333 9400
1698791105154 0.2776666666666667 9500
1698791105155 0.13333333333333333 9600
1698791105156 0.056666666666666664 9700
1698791105157 0.017 9800
1698791105158 0.0013333333333333333 9900
