1698788556561 1.0 0
1698788556562 1.0 100
1698788556563 1.0 200
1698788556565 1.0 300
1698788556566 1.0 400
1698788556567 1.0 500
1698788556568 1.0 600
1698788556569 1.0 700
1698788556571 1.0 800
1698788556572 1.0 900
1698788556573 1.0 1000
1698788556574 1.0 1100
1698788556575 1.0 1200
1698788556577 1.0 1300
1698788556578 1.0 1400
1698788556579 1.0 1500
1698788556580 1.0 1600
1698788556581 1.0 1700
1698788556583 1.0 1800
1698788556584 1.0 1900
1698788556585 1.0 2000
1698788556586 1.0 2100
1698788556587 1.0 2200
1698788556589 1.0 2300
1698788556590 1.0 2400
1698788556591 1.0 2500
1698788556592 1.0 2600
1698788556593 1.0 2700
1698788556595 1.0 2800
1698788556596 1.0 2900
1698788556597 1.0 3000
1698788556598 1.0 3100
1698788556599 1.0 3200
1698788556601 1.0 3300
1698788556602 1.0 3400
1698788556603 1.0 3500
1698788556604 1.0 3600
1698788556605 1.0 3700
1698788556607 1.0 3800
1698788556608 1.0 3900
1698788556609 1.0 4000
1698788556610 1.0 4100
1698788556611 1.0 4200
1698788556612 1.0 4300
1698788556613 1.0 4400
1698788556613 1.0 4500
1698788556614 1.0 4600
1698788556615 1.0 4700
1698788556616 1.0 4800
1698788556616 1.0 4900
1698788556617 1.0 5000
1698788556617 1.0 5100
1698788556618 1.0 5200
1698788556619 1.0 5300
1698788556619 1.0 5400
1698788556620 1.0 5500
1698788556620 1.0 5600
1698788556621 1.0 5700
1698788556622 1.0 5800
1698788556622 1.0 5900
1698788556623 1.0 6000
1698788556623 1.0 6100
1698788556624 1.0 6200
1698788556624 1.0 6300
1698788556625 1.0 6400
1698788556625 1.0 6500
1698788556626 1.0 6600
1698788556627 1.0 6700
1698788556627 1.0 6800
1698788556628 1.0 6900
1698788556628 1.0 7000
1698788556629 1.0 7100
1698788556629 1.0 7200
1698788556630 1.0 7300
1698788556631 1.0 7400
1698788556631 1.0 7500
1698788556632 1.0 7600
1698788556632 1.0 7700
1698788556633 1.0 7800
1698788556633 1.0 7900
1698788556634 1.0 8000
1698788556634 1.0 8100
1698788556635 1.0 8200
1698788556636 1.0 8300
1698788556636 1.0 8400
1698788556637 1.0 8500
1698788556637 1.0 8600
1698788556638 1.0 8700
1698788556639 1.0 8800
1698788556639 1.0 8900
1698788556640 1.0 9000
1698788556640 1.0 9100
1698788556641 1.0 9200
1698788556641 1.0 9300
1698788556642 1.0 9400
1698788556643 1.0 9500
1698788556643 1.0 9600
1698788556644 1.0 9700
1698788556644 1.0 9800
1698788556645 0.9903333333333333 9900
