1698788837322 1.0 0
1698788837324 1.0 100
1698788837325 1.0 200
1698788837326 1.0 300
1698788837327 1.0 400
1698788837329 1.0 500
1698788837330 1.0 600
1698788837331 1.0 700
1698788837332 1.0 800
1698788837333 1.0 900
1698788837335 1.0 1000
1698788837336 1.0 1100
1698788837337 1.0 1200
1698788837338 1.0 1300
1698788837339 1.0 1400
1698788837341 1.0 1500
1698788837342 1.0 1600
1698788837343 1.0 1700
1698788837344 1.0 1800
1698788837346 1.0 1900
1698788837347 1.0 2000
1698788837348 1.0 2100
1698788837349 1.0 2200
1698788837350 1.0 2300
1698788837352 1.0 2400
1698788837353 1.0 2500
1698788837354 1.0 2600
1698788837355 1.0 2700
1698788837356 1.0 2800
1698788837358 1.0 2900
1698788837359 1.0 3000
1698788837360 1.0 3100
1698788837361 1.0 3200
1698788837362 1.0 3300
1698788837364 1.0 3400
1698788837365 1.0 3500
1698788837366 1.0 3600
1698788837367 1.0 3700
1698788837368 1.0 3800
1698788837369 1.0 3900
1698788837370 1.0 4000
1698788837372 1.0 4100
1698788837373 1.0 4200
1698788837374 1.0 4300
1698788837374 1.0 4400
1698788837375 1.0 4500
1698788837376 1.0 4600
1698788837377 1.0 4700
1698788837377 1.0 4800
1698788837378 1.0 4900
1698788837378 1.0 5000
1698788837379 1.0 5100
1698788837380 1.0 5200
1698788837380 1.0 5300
1698788837381 1.0 5400
1698788837381 1.0 5500
1698788837382 1.0 5600
1698788837382 1.0 5700
1698788837383 1.0 5800
1698788837384 1.0 5900
1698788837384 1.0 6000
1698788837385 1.0 6100
1698788837385 1.0 6200
1698788837386 1.0 6300
1698788837386 1.0 6400
1698788837387 1.0 6500
1698788837388 1.0 6600
1698788837388 1.0 6700
1698788837389 1.0 6800
1698788837389 1.0 6900
1698788837390 1.0 7000
1698788837390 1.0 7100
1698788837391 1.0 7200
1698788837391 1.0 7300
1698788837392 1.0 7400
1698788837393 1.0 7500
1698788837393 1.0 7600
1698788837394 1.0 7700
1698788837394 1.0 7800
1698788837395 1.0 7900
1698788837395 1.0 8000
1698788837396 1.0 8100
1698788837397 1.0 8200
1698788837397 1.0 8300
1698788837398 1.0 8400
1698788837398 1.0 8500
1698788837399 1.0 8600
1698788837400 1.0 8700
1698788837400 1.0 8800
1698788837401 1.0 8900
1698788837401 1.0 9000
1698788837402 0.9913333333333333 9100
1698788837402 0.957 9200
1698788837403 0.8476666666666667 9300
1698788837403 0.6856666666666666 9400
1698788837404 0.48966666666666664 9500
1698788837405 0.3393333333333333 9600
1698788837405 0.21433333333333332 9700
1698788837406 0.109 9800
1698788837406 0.041666666666666664 9900
