1698789120643 1.0 0
1698789120644 1.0 100
1698789120646 1.0 200
1698789120647 1.0 300
1698789120648 1.0 400
1698789120649 1.0 500
1698789120650 1.0 600
1698789120652 1.0 700
1698789120653 1.0 800
1698789120654 1.0 900
1698789120655 1.0 1000
1698789120657 1.0 1100
1698789120658 1.0 1200
1698789120659 1.0 1300
1698789120660 1.0 1400
1698789120661 1.0 1500
1698789120663 1.0 1600
1698789120664 1.0 1700
1698789120665 1.0 1800
1698789120666 1.0 1900
1698789120667 1.0 2000
1698789120669 1.0 2100
1698789120670 1.0 2200
1698789120671 1.0 2300
1698789120672 1.0 2400
1698789120674 1.0 2500
1698789120675 1.0 2600
1698789120676 1.0 2700
1698789120677 1.0 2800
1698789120678 1.0 2900
1698789120680 1.0 3000
1698789120681 1.0 3100
1698789120682 1.0 3200
1698789120683 1.0 3300
1698789120684 1.0 3400
1698789120686 1.0 3500
1698789120687 1.0 3600
1698789120688 1.0 3700
1698789120689 1.0 3800
1698789120690 1.0 3900
1698789120692 1.0 4000
1698789120693 1.0 4100
1698789120694 1.0 4200
1698789120695 1.0 4300
1698789120697 1.0 4400
1698789120698 1.0 4500
1698789120699 1.0 4600
1698789120700 1.0 4700
1698789120701 1.0 4800
1698789120701 1.0 4900
1698789120702 1.0 5000
1698789120703 1.0 5100
1698789120704 1.0 5200
1698789120705 1.0 5300
1698789120706 1.0 5400
1698789120707 1.0 5500
1698789120708 1.0 5600
1698789120709 1.0 5700
1698789120710 1.0 5800
1698789120711 1.0 5900
1698789120712 1.0 6000
1698789120713 1.0 6100
1698789120714 1.0 6200
1698789120715 1.0 6300
1698789120716 1.0 6400
1698789120717 1.0 6500
1698789120718 1.0 6600
1698789120718 1.0 6700
1698789120719 1.0 6800
1698789120720 1.0 6900
1698789120720 1.0 7000
1698789120721 1.0 7100
1698789120722 1.0 7200
1698789120722 1.0 7300
1698789120723 1.0 7400
1698789120723 1.0 7500
1698789120724 1.0 7600
1698789120724 1.0 7700
1698789120725 1.0 7800
1698789120726 1.0 7900
1698789120726 1.0 8000
1698789120727 1.0 8100
1698789120727 1.0 8200
1698789120728 1.0 8300
1698789120728 1.0 8400
1698789120729 1.0 8500
1698789120730 1.0 8600
1698789120730 1.0 8700
1698789120731 1.0 8800
1698789120731 1.0 8900
1698789120732 1.0 9000
1698789120733 0.992 9100
1698789120733 0.9446666666666667 9200
1698789120734 0.8226666666666667 9300
1698789120734 0.6203333333333333 9400
1698789120735 0.4073333333333333 9500
1698789120735 0.23133333333333334 9600
1698789120736 0.12333333333333334 9700
1698789120737 0.046 9800
1698789120737 0.010666666666666666 9900
