1698790963357 1.0 0
1698790963358 1.0 100
1698790963359 1.0 200
1698790963361 1.0 300
1698790963362 1.0 400
1698790963363 1.0 500
1698790963364 1.0 600
1698790963365 1.0 700
1698790963367 1.0 800
1698790963368 1.0 900
1698790963369 1.0 1000
1698790963370 1.0 1100
1698790963371 1.0 1200
1698790963373 1.0 1300
1698790963374 1.0 1400
1698790963375 1.0 1500
1698790963376 1.0 1600
1698790963378 1.0 1700
1698790963379 1.0 1800
1698790963380 1.0 1900
1698790963381 1.0 2000
1698790963382 1.0 2100
1698790963384 1.0 2200
1698790963385 1.0 2300
1698790963386 1.0 2400
1698790963387 1.0 2500
1698790963388 1.0 2600
1698790963390 1.0 2700
1698790963391 1.0 2800
1698790963392 1.0 2900
1698790963393 1.0 3000
1698790963395 1.0 3100
1698790963396 1.0 3200
1698790963397 1.0 3300
1698790963398 1.0 3400
1698790963399 1.0 3500
1698790963401 1.0 3600
1698790963402 1.0 3700
1698790963403 1.0 3800
1698790963404 1.0 3900
1698790963405 1.0 4000
1698790963406 1.0 4100
1698790963406 1.0 4200
1698790963407 1.0 4300
1698790963408 1.0 4400
1698790963408 1.0 4500
1698790963409 1.0 4600
1698790963409 1.0 4700
1698790963410 1.0 4800
1698790963410 1.0 4900
1698790963411 1.0 5000
1698790963412 1.0 5100
1698790963412 1.0 5200
1698790963413 1.0 5300
1698790963413 1.0 5400
1698790963414 1.0 5500
1698790963414 1.0 5600
1698790963415 1.0 5700
1698790963416 1.0 5800
1698790963416 1.0 5900
1698790963417 1.0 6000
1698790963417 1.0 6100
1698790963418 1.0 6200
1698790963418 1.0 6300
1698790963419 1.0 6400
1698790963420 1.0 6500
1698790963420 1.0 6600
1698790963421 1.0 6700
1698790963421 1.0 6800
1698790963422 1.0 6900
1698790963422 1.0 7000
1698790963423 1.0 7100
1698790963424 1.0 7200
1698790963424 1.0 7300
1698790963425 1.0 7400
1698790963425 1.0 7500
1698790963426 1.0 7600
1698790963426 1.0 7700
1698790963427 1.0 7800
1698790963427 1.0 7900
1698790963428 1.0 8000
1698790963429 1.0 8100
1698790963429 1.0 8200
1698790963430 1.0 8300
1698790963430 1.0 8400
1698790963431 1.0 8500
1698790963432 1.0 8600
1698790963432 1.0 8700
1698790963433 1.0 8800
1698790963433 1.0 8900
1698790963434 0.9996666666666667 9000
1698790963434 0.9903333333333333 9100
1698790963435 0.9403333333333334 9200
1698790963436 0.7806666666666666 9300
1698790963436 0.5243333333333333 9400
1698790963437 0.2866666666666667 9500
1698790963437 0.13266666666666665 9600
1698790963438 0.05333333333333334 9700
1698790963438 0.015 9800
1698790963439 0.0013333333333333333 9900
