1698790042626 1.0 0
1698790042628 1.0 100
1698790042629 1.0 200
1698790042630 1.0 300
1698790042631 1.0 400
1698790042633 1.0 500
1698790042634 1.0 600
1698790042635 1.0 700
1698790042636 1.0 800
1698790042637 1.0 900
1698790042639 1.0 1000
1698790042640 1.0 1100
1698790042641 1.0 1200
1698790042642 1.0 1300
1698790042643 1.0 1400
1698790042645 1.0 1500
1698790042646 1.0 1600
1698790042647 1.0 1700
1698790042648 1.0 1800
1698790042650 1.0 1900
1698790042651 1.0 2000
1698790042652 1.0 2100
1698790042653 1.0 2200
1698790042654 1.0 2300
1698790042656 1.0 2400
1698790042657 1.0 2500
1698790042658 1.0 2600
1698790042659 1.0 2700
1698790042660 1.0 2800
1698790042662 1.0 2900
1698790042663 1.0 3000
1698790042664 1.0 3100
1698790042665 1.0 3200
1698790042666 1.0 3300
1698790042668 1.0 3400
1698790042669 1.0 3500
1698790042670 1.0 3600
1698790042671 1.0 3700
1698790042672 1.0 3800
1698790042674 1.0 3900
1698790042675 1.0 4000
1698790042676 1.0 4100
1698790042677 1.0 4200
1698790042678 1.0 4300
1698790042680 1.0 4400
1698790042681 1.0 4500
1698790042682 1.0 4600
1698790042683 1.0 4700
1698790042684 1.0 4800
1698790042685 1.0 4900
1698790042686 1.0 5000
1698790042687 1.0 5100
1698790042688 1.0 5200
1698790042688 1.0 5300
1698790042689 1.0 5400
1698790042690 1.0 5500
1698790042691 1.0 5600
1698790042692 1.0 5700
1698790042693 1.0 5800
1698790042694 1.0 5900
1698790042695 1.0 6000
1698790042696 1.0 6100
1698790042697 1.0 6200
1698790042698 1.0 6300
1698790042699 1.0 6400
1698790042700 1.0 6500
1698790042701 1.0 6600
1698790042702 1.0 6700
1698790042703 1.0 6800
1698790042704 1.0 6900
1698790042704 1.0 7000
1698790042705 1.0 7100
1698790042706 1.0 7200
1698790042707 1.0 7300
1698790042708 1.0 7400
1698790042709 1.0 7500
1698790042710 1.0 7600
1698790042711 1.0 7700
1698790042712 1.0 7800
1698790042713 1.0 7900
1698790042714 1.0 8000
1698790042715 1.0 8100
1698790042716 1.0 8200
1698790042717 1.0 8300
1698790042718 1.0 8400
1698790042719 1.0 8500
1698790042720 1.0 8600
1698790042720 1.0 8700
1698790042721 1.0 8800
1698790042722 1.0 8900
1698790042723 0.999 9000
1698790042724 0.9913333333333333 9100
1698790042725 0.9486666666666667 9200
1698790042726 0.8006666666666666 9300
1698790042727 0.5493333333333333 9400
1698790042728 0.30433333333333334 9500
1698790042729 0.14833333333333334 9600
1698790042730 0.06233333333333333 9700
1698790042731 0.016 9800
1698790042732 0.001 9900
