1698789688159 1.0 0
1698789688160 1.0 100
1698789688161 1.0 200
1698789688162 1.0 300
1698789688163 1.0 400
1698789688165 1.0 500
1698789688166 1.0 600
1698789688167 1.0 700
1698789688168 1.0 800
1698789688169 1.0 900
1698789688170 1.0 1000
1698789688171 1.0 1100
1698789688172 1.0 1200
1698789688173 1.0 1300
1698789688174 1.0 1400
1698789688175 1.0 1500
1698789688176 1.0 1600
1698789688177 1.0 1700
1698789688178 1.0 1800
1698789688179 1.0 1900
1698789688180 1.0 2000
1698789688182 1.0 2100
1698789688183 1.0 2200
1698789688184 1.0 2300
1698789688185 1.0 2400
1698789688186 1.0 2500
1698789688187 1.0 2600
1698789688188 1.0 2700
1698789688189 1.0 2800
1698789688190 1.0 2900
1698789688191 1.0 3000
1698789688192 1.0 3100
1698789688193 1.0 3200
1698789688194 1.0 3300
1698789688195 1.0 3400
1698789688196 1.0 3500
1698789688197 1.0 3600
1698789688199 1.0 3700
1698789688200 1.0 3800
1698789688201 1.0 3900
1698789688202 1.0 4000
1698789688203 1.0 4100
1698789688204 1.0 4200
1698789688205 1.0 4300
1698789688206 1.0 4400
1698789688207 1.0 4500
1698789688208 1.0 4600
1698789688209 1.0 4700
1698789688210 1.0 4800
1698789688211 1.0 4900
1698789688212 1.0 5000
1698789688213 1.0 5100
1698789688214 1.0 5200
1698789688215 1.0 5300
1698789688217 1.0 5400
1698789688218 1.0 5500
1698789688219 1.0 5600
1698789688219 1.0 5700
1698789688220 1.0 5800
1698789688221 1.0 5900
1698789688221 1.0 6000
1698789688222 1.0 6100
1698789688222 1.0 6200
1698789688223 1.0 6300
1698789688224 1.0 6400
1698789688224 1.0 6500
1698789688225 1.0 6600
1698789688225 1.0 6700
1698789688226 1.0 6800
1698789688227 1.0 6900
1698789688227 1.0 7000
1698789688228 1.0 7100
1698789688229 1.0 7200
1698789688229 1.0 7300
1698789688230 1.0 7400
1698789688230 1.0 7500
1698789688231 1.0 7600
1698789688234 1.0 7700
1698789688235 1.0 7800
1698789688236 1.0 7900
1698789688236 1.0 8000
1698789688237 1.0 8100
1698789688237 1.0 8200
1698789688238 1.0 8300
1698789688238 1.0 8400
1698789688239 1.0 8500
1698789688240 1.0 8600
1698789688240 1.0 8700
1698789688241 1.0 8800
1698789688242 1.0 8900
1698789688242 0.9993333333333333 9000
1698789688243 0.9916666666666667 9100
1698789688243 0.9553333333333334 9200
1698789688244 0.8296666666666667 9300
1698789688244 0.5976666666666667 9400
1698789688245 0.3596666666666667 9500
1698789688246 0.17666666666666667 9600
1698789688246 0.07633333333333334 9700
1698789688247 0.024666666666666667 9800
1698789688247 0.0023333333333333335 9900
