1698789616696 1.0 0
1698789616697 1.0 100
1698789616698 1.0 200
1698789616698 1.0 300
1698789616699 1.0 400
1698789616700 1.0 500
1698789616701 1.0 600
1698789616702 1.0 700
1698789616703 1.0 800
1698789616703 1.0 900
1698789616704 1.0 1000
1698789616705 1.0 1100
1698789616706 1.0 1200
1698789616707 1.0 1300
1698789616708 1.0 1400
1698789616708 1.0 1500
1698789616709 1.0 1600
1698789616710 1.0 1700
1698789616711 1.0 1800
1698789616712 1.0 1900
1698789616713 1.0 2000
1698789616714 1.0 2100
1698789616715 1.0 2200
1698789616716 1.0 2300
1698789616717 1.0 2400
1698789616718 1.0 2500
1698789616719 1.0 2600
1698789616721 1.0 2700
1698789616722 1.0 2800
1698789616723 1.0 2900
1698789616724 1.0 3000
1698789616725 1.0 3100
1698789616726 1.0 3200
1698789616727 1.0 3300
1698789616728 1.0 3400
1698789616729 1.0 3500
1698789616730 1.0 3600
1698789616731 1.0 3700
1698789616732 1.0 3800
1698789616733 1.0 3900
1698789616734 1.0 4000
1698789616735 1.0 4100
1698789616736 1.0 4200
1698789616737 1.0 4300
1698789616739 1.0 4400
1698789616740 1.0 4500
1698789616741 1.0 4600
1698789616742 1.0 4700
1698789616743 1.0 4800
1698789616744 1.0 4900
1698789616745 1.0 5000
1698789616746 1.0 5100
1698789616747 1.0 5200
1698789616748 1.0 5300
1698789616749 1.0 5400
1698789616750 1.0 5500
1698789616751 1.0 5600
1698789616752 1.0 5700
1698789616753 1.0 5800
1698789616754 1.0 5900
1698789616755 1.0 6000
1698789616757 1.0 6100
1698789616758 1.0 6200
1698789616759 1.0 6300
1698789616760 1.0 6400
1698789616761 1.0 6500
1698789616762 1.0 6600
1698789616763 1.0 6700
1698789616764 1.0 6800
1698789616765 1.0 6900
1698789616766 1.0 7000
1698789616766 1.0 7100
1698789616767 1.0 7200
1698789616768 1.0 7300
1698789616769 1.0 7400
1698789616770 1.0 7500
1698789616771 1.0 7600
1698789616772 1.0 7700
1698789616773 1.0 7800
1698789616774 1.0 7900
1698789616775 1.0 8000
1698789616776 1.0 8100
1698789616777 1.0 8200
1698789616778 1.0 8300
1698789616779 1.0 8400
1698789616780 1.0 8500
1698789616781 1.0 8600
1698789616782 1.0 8700
1698789616783 1.0 8800
1698789616784 1.0 8900
1698789616785 0.9993333333333333 9000
1698789616786 0.9926666666666667 9100
1698789616787 0.9563333333333334 9200
1698789616788 0.8336666666666667 9300
1698789616789 0.6006666666666667 9400
1698789616790 0.37333333333333335 9500
1698789616791 0.19733333333333333 9600
1698789616792 0.08266666666666667 9700
1698789616792 0.028333333333333332 9800
1698789616793 0.005333333333333333 9900
