1698788766598 1.0 0
1698788766600 1.0 100
1698788766601 1.0 200
1698788766602 1.0 300
1698788766603 1.0 400
1698788766604 1.0 500
1698788766606 1.0 600
1698788766607 1.0 700
1698788766608 1.0 800
1698788766609 1.0 900
1698788766611 1.0 1000
1698788766612 1.0 1100
1698788766613 1.0 1200
1698788766614 1.0 1300
1698788766615 1.0 1400
1698788766617 1.0 1500
1698788766618 1.0 1600
1698788766619 1.0 1700
1698788766620 1.0 1800
1698788766621 1.0 1900
1698788766623 1.0 2000
1698788766624 1.0 2100
1698788766625 1.0 2200
1698788766626 1.0 2300
1698788766628 1.0 2400
1698788766629 1.0 2500
1698788766630 1.0 2600
1698788766631 1.0 2700
1698788766632 1.0 2800
1698788766634 1.0 2900
1698788766635 1.0 3000
1698788766636 1.0 3100
1698788766637 1.0 3200
1698788766638 1.0 3300
1698788766640 1.0 3400
1698788766641 1.0 3500
1698788766642 1.0 3600
1698788766643 1.0 3700
1698788766645 1.0 3800
1698788766646 1.0 3900
1698788766647 1.0 4000
1698788766648 1.0 4100
1698788766649 1.0 4200
1698788766650 1.0 4300
1698788766651 1.0 4400
1698788766651 1.0 4500
1698788766652 1.0 4600
1698788766652 1.0 4700
1698788766653 1.0 4800
1698788766653 1.0 4900
1698788766654 1.0 5000
1698788766654 1.0 5100
1698788766655 1.0 5200
1698788766656 1.0 5300
1698788766656 1.0 5400
1698788766657 1.0 5500
1698788766657 1.0 5600
1698788766658 1.0 5700
1698788766658 1.0 5800
1698788766659 1.0 5900
1698788766660 1.0 6000
1698788766660 1.0 6100
1698788766661 1.0 6200
1698788766661 1.0 6300
1698788766662 1.0 6400
1698788766662 1.0 6500
1698788766663 1.0 6600
1698788766664 1.0 6700
1698788766664 1.0 6800
1698788766665 1.0 6900
1698788766665 1.0 7000
1698788766666 1.0 7100
1698788766666 1.0 7200
1698788766667 1.0 7300
1698788766667 1.0 7400
1698788766668 1.0 7500
1698788766669 1.0 7600
1698788766669 1.0 7700
1698788766670 1.0 7800
1698788766670 1.0 7900
1698788766671 1.0 8000
1698788766671 1.0 8100
1698788766672 1.0 8200
1698788766673 1.0 8300
1698788766673 1.0 8400
1698788766674 1.0 8500
1698788766674 1.0 8600
1698788766675 1.0 8700
1698788766676 1.0 8800
1698788766676 1.0 8900
1698788766677 1.0 9000
1698788766677 0.996 9100
1698788766678 0.972 9200
1698788766678 0.8736666666666667 9300
1698788766679 0.71 9400
1698788766680 0.539 9500
1698788766680 0.37566666666666665 9600
1698788766681 0.24133333333333334 9700
1698788766681 0.13566666666666666 9800
1698788766682 0.05266666666666667 9900
