1698788695819 1.0 0
1698788695820 1.0 100
1698788695821 1.0 200
1698788695822 1.0 300
1698788695823 1.0 400
1698788695823 1.0 500
1698788695824 1.0 600
1698788695825 1.0 700
1698788695826 1.0 800
1698788695827 1.0 900
1698788695828 1.0 1000
1698788695828 1.0 1100
1698788695829 1.0 1200
1698788695830 1.0 1300
1698788695831 1.0 1400
1698788695832 1.0 1500
1698788695832 1.0 1600
1698788695833 1.0 1700
1698788695834 1.0 1800
1698788695835 1.0 1900
1698788695836 1.0 2000
1698788695837 1.0 2100
1698788695837 1.0 2200
1698788695838 1.0 2300
1698788695839 1.0 2400
1698788695840 1.0 2500
1698788695841 1.0 2600
1698788695841 1.0 2700
1698788695842 1.0 2800
1698788695843 1.0 2900
1698788695844 1.0 3000
1698788695845 1.0 3100
1698788695846 1.0 3200
1698788695846 1.0 3300
1698788695847 1.0 3400
1698788695848 1.0 3500
1698788695849 1.0 3600
1698788695850 1.0 3700
1698788695851 1.0 3800
1698788695851 1.0 3900
1698788695852 1.0 4000
1698788695853 1.0 4100
1698788695854 1.0 4200
1698788695855 1.0 4300
1698788695855 1.0 4400
1698788695856 1.0 4500
1698788695857 1.0 4600
1698788695858 1.0 4700
1698788695859 1.0 4800
1698788695860 1.0 4900
1698788695861 1.0 5000
1698788695861 1.0 5100
1698788695862 1.0 5200
1698788695863 1.0 5300
1698788695864 1.0 5400
1698788695865 1.0 5500
1698788695865 1.0 5600
1698788695866 1.0 5700
1698788695867 1.0 5800
1698788695868 1.0 5900
1698788695869 1.0 6000
1698788695870 1.0 6100
1698788695870 1.0 6200
1698788695871 1.0 6300
1698788695872 1.0 6400
1698788695873 1.0 6500
1698788695874 1.0 6600
1698788695874 1.0 6700
1698788695875 1.0 6800
1698788695876 1.0 6900
1698788695877 1.0 7000
1698788695878 1.0 7100
1698788695879 1.0 7200
1698788695879 1.0 7300
1698788695880 1.0 7400
1698788695881 1.0 7500
1698788695882 1.0 7600
1698788695883 1.0 7700
1698788695884 1.0 7800
1698788695884 1.0 7900
1698788695885 1.0 8000
1698788695886 1.0 8100
1698788695887 1.0 8200
1698788695888 1.0 8300
1698788695888 1.0 8400
1698788695889 1.0 8500
1698788695890 1.0 8600
1698788695891 1.0 8700
1698788695892 1.0 8800
1698788695893 1.0 8900
1698788695893 1.0 9000
1698788695894 1.0 9100
1698788695895 0.9916666666666667 9200
1698788695896 0.917 9300
1698788695897 0.8203333333333334 9400
1698788695898 0.7113333333333334 9500
1698788695898 0.594 9600
1698788695899 0.4653333333333333 9700
1698788695900 0.3383333333333333 9800
1698788695901 0.19966666666666666 9900
