1698791246771 1.0 0
1698791246773 1.0 100
1698791246774 1.0 200
1698791246775 1.0 300
1698791246776 1.0 400
1698791246777 1.0 500
1698791246778 1.0 600
1698791246779 1.0 700
1698791246780 1.0 800
1698791246781 1.0 900
1698791246782 1.0 1000
1698791246783 1.0 1100
1698791246784 1.0 1200
1698791246785 1.0 1300
1698791246786 1.0 1400
1698791246788 1.0 1500
1698791246789 1.0 1600
1698791246790 1.0 1700
1698791246791 1.0 1800
1698791246792 1.0 1900
1698791246793 1.0 2000
1698791246794 1.0 2100
1698791246795 1.0 2200
1698791246796 1.0 2300
1698791246797 1.0 2400
1698791246798 1.0 2500
1698791246799 1.0 2600
1698791246800 1.0 2700
1698791246801 1.0 2800
1698791246802 1.0 2900
1698791246804 1.0 3000
1698791246805 1.0 3100
1698791246806 1.0 3200
1698791246807 1.0 3300
1698791246808 1.0 3400
1698791246809 1.0 3500
1698791246810 1.0 3600
1698791246811 1.0 3700
1698791246812 1.0 3800
1698791246813 1.0 3900
1698791246814 1.0 4000
1698791246815 1.0 4100
1698791246816 1.0 4200
1698791246817 1.0 4300
1698791246818 1.0 4400
1698791246820 1.0 4500
1698791246821 1.0 4600
1698791246822 1.0 4700
1698791246823 1.0 4800
1698791246824 1.0 4900
1698791246824 1.0 5000
1698791246825 1.0 5100
1698791246826 1.0 5200
1698791246826 1.0 5300
1698791246827 1.0 5400
1698791246828 1.0 5500
1698791246828 1.0 5600
1698791246829 1.0 5700
1698791246829 1.0 5800
1698791246830 1.0 5900
1698791246830 1.0 6000
1698791246831 1.0 6100
1698791246832 1.0 6200
1698791246832 1.0 6300
1698791246833 1.0 6400
1698791246833 1.0 6500
1698791246834 1.0 6600
1698791246834 1.0 6700
1698791246835 1.0 6800
1698791246836 1.0 6900
1698791246836 1.0 7000
1698791246837 1.0 7100
1698791246837 1.0 7200
1698791246838 1.0 7300
1698791246838 1.0 7400
1698791246839 1.0 7500
1698791246840 1.0 7600
1698791246840 1.0 7700
1698791246841 1.0 7800
1698791246841 1.0 7900
1698791246842 1.0 8000
1698791246842 1.0 8100
1698791246843 1.0 8200
1698791246844 1.0 8300
1698791246844 1.0 8400
1698791246845 1.0 8500
1698791246845 1.0 8600
1698791246846 1.0 8700
1698791246846 1.0 8800
1698791246847 0.9996666666666667 8900
1698791246848 0.9993333333333333 9000
1698791246848 0.9883333333333333 9100
1698791246849 0.9333333333333333 9200
1698791246849 0.758 9300
1698791246850 0.49566666666666664 9400
1698791246850 0.26166666666666666 9500
1698791246851 0.12433333333333334 9600
1698791246852 0.055 9700
1698791246852 0.014 9800
1698791246853 0.001 9900
