1698790113563 1.0 0
1698790113564 1.0 100
1698790113565 1.0 200
1698790113566 1.0 300
1698790113567 1.0 400
1698790113568 1.0 500
1698790113569 1.0 600
1698790113570 1.0 700
1698790113571 1.0 800
1698790113572 1.0 900
1698790113573 1.0 1000
1698790113574 1.0 1100
1698790113574 1.0 1200
1698790113575 1.0 1300
1698790113576 1.0 1400
1698790113577 1.0 1500
1698790113578 1.0 1600
1698790113579 1.0 1700
1698790113580 1.0 1800
1698790113581 1.0 1900
1698790113582 1.0 2000
1698790113583 1.0 2100
1698790113584 1.0 2200
1698790113585 1.0 2300
1698790113586 1.0 2400
1698790113587 1.0 2500
1698790113588 1.0 2600
1698790113589 1.0 2700
1698790113589 1.0 2800
1698790113590 1.0 2900
1698790113591 1.0 3000
1698790113592 1.0 3100
1698790113593 1.0 3200
1698790113594 1.0 3300
1698790113595 1.0 3400
1698790113596 1.0 3500
1698790113597 1.0 3600
1698790113598 1.0 3700
1698790113599 1.0 3800
1698790113600 1.0 3900
1698790113601 1.0 4000
1698790113602 1.0 4100
1698790113603 1.0 4200
1698790113604 1.0 4300
1698790113604 1.0 4400
1698790113605 1.0 4500
1698790113606 1.0 4600
1698790113607 1.0 4700
1698790113608 1.0 4800
1698790113609 1.0 4900
1698790113610 1.0 5000
1698790113611 1.0 5100
1698790113612 1.0 5200
1698790113613 1.0 5300
1698790113614 1.0 5400
1698790113615 1.0 5500
1698790113616 1.0 5600
1698790113617 1.0 5700
1698790113618 1.0 5800
1698790113618 1.0 5900
1698790113619 1.0 6000
1698790113620 1.0 6100
1698790113621 1.0 6200
1698790113622 1.0 6300
1698790113623 1.0 6400
1698790113624 1.0 6500
1698790113625 1.0 6600
1698790113626 1.0 6700
1698790113627 1.0 6800
1698790113628 1.0 6900
1698790113629 1.0 7000
1698790113630 1.0 7100
1698790113631 1.0 7200
1698790113632 1.0 7300
1698790113633 1.0 7400
1698790113633 1.0 7500
1698790113634 1.0 7600
1698790113635 1.0 7700
1698790113636 1.0 7800
1698790113637 1.0 7900
1698790113638 1.0 8000
1698790113639 1.0 8100
1698790113640 1.0 8200
1698790113641 1.0 8300
1698790113642 1.0 8400
1698790113643 1.0 8500
1698790113644 1.0 8600
1698790113645 1.0 8700
1698790113646 1.0 8800
1698790113647 1.0 8900
1698790113648 0.9986666666666667 9000
1698790113648 0.9913333333333333 9100
1698790113649 0.938 9200
1698790113650 0.774 9300
1698790113651 0.5313333333333333 9400
1698790113652 0.2926666666666667 9500
1698790113653 0.144 9600
1698790113654 0.064 9700
1698790113655 0.019 9800
1698790113656 0.002 9900
