1698788908214 1.0 0
1698788908215 1.0 100
1698788908216 1.0 200
1698788908217 1.0 300
1698788908218 1.0 400
1698788908219 1.0 500
1698788908220 1.0 600
1698788908221 1.0 700
1698788908222 1.0 800
1698788908223 1.0 900
1698788908224 1.0 1000
1698788908226 1.0 1100
1698788908227 1.0 1200
1698788908228 1.0 1300
1698788908229 1.0 1400
1698788908230 1.0 1500
1698788908231 1.0 1600
1698788908232 1.0 1700
1698788908233 1.0 1800
1698788908234 1.0 1900
1698788908235 1.0 2000
1698788908236 1.0 2100
1698788908237 1.0 2200
1698788908239 1.0 2300
1698788908240 1.0 2400
1698788908241 1.0 2500
1698788908242 1.0 2600
1698788908243 1.0 2700
1698788908244 1.0 2800
1698788908245 1.0 2900
1698788908246 1.0 3000
1698788908247 1.0 3100
1698788908248 1.0 3200
1698788908249 1.0 3300
1698788908250 1.0 3400
1698788908251 1.0 3500
1698788908252 1.0 3600
1698788908253 1.0 3700
1698788908254 1.0 3800
1698788908256 1.0 3900
1698788908257 1.0 4000
1698788908258 1.0 4100
1698788908259 1.0 4200
1698788908260 1.0 4300
1698788908261 1.0 4400
1698788908262 1.0 4500
1698788908263 1.0 4600
1698788908264 1.0 4700
1698788908265 1.0 4800
1698788908266 1.0 4900
1698788908267 1.0 5000
1698788908268 1.0 5100
1698788908269 1.0 5200
1698788908270 1.0 5300
1698788908271 1.0 5400
1698788908273 1.0 5500
1698788908274 1.0 5600
1698788908274 1.0 5700
1698788908275 1.0 5800
1698788908276 1.0 5900
1698788908276 1.0 6000
1698788908277 1.0 6100
1698788908278 1.0 6200
1698788908278 1.0 6300
1698788908279 1.0 6400
1698788908280 1.0 6500
1698788908280 1.0 6600
1698788908281 1.0 6700
1698788908281 1.0 6800
1698788908282 1.0 6900
1698788908283 1.0 7000
1698788908283 1.0 7100
1698788908284 1.0 7200
1698788908284 1.0 7300
1698788908285 1.0 7400
1698788908286 1.0 7500
1698788908286 1.0 7600
1698788908287 1.0 7700
1698788908287 1.0 7800
1698788908288 1.0 7900
1698788908288 1.0 8000
1698788908289 1.0 8100
1698788908290 1.0 8200
1698788908290 1.0 8300
1698788908291 1.0 8400
1698788908291 1.0 8500
1698788908292 1.0 8600
1698788908293 1.0 8700
1698788908293 1.0 8800
1698788908294 1.0 8900
1698788908294 0.997 9000
1698788908295 0.9793333333333333 9100
1698788908296 0.915 9200
1698788908296 0.789 9300
1698788908297 0.6173333333333333 9400
1698788908297 0.44233333333333336 9500
1698788908298 0.2876666666666667 9600
1698788908299 0.18 9700
1698788908299 0.08433333333333333 9800
1698788908300 0.023666666666666666 9900
