1698790680165 1.0 0
1698790680166 1.0 100
1698790680167 1.0 200
1698790680168 1.0 300
1698790680169 1.0 400
1698790680170 1.0 500
1698790680171 1.0 600
1698790680172 1.0 700
1698790680173 1.0 800
1698790680174 1.0 900
1698790680175 1.0 1000
1698790680176 1.0 1100
1698790680178 1.0 1200
1698790680179 1.0 1300
1698790680180 1.0 1400
1698790680181 1.0 1500
1698790680182 1.0 1600
1698790680183 1.0 1700
1698790680184 1.0 1800
1698790680185 1.0 1900
1698790680186 1.0 2000
1698790680187 1.0 2100
1698790680188 1.0 2200
1698790680189 1.0 2300
1698790680190 1.0 2400
1698790680191 1.0 2500
1698790680192 1.0 2600
1698790680193 1.0 2700
1698790680194 1.0 2800
1698790680196 1.0 2900
1698790680197 1.0 3000
1698790680198 1.0 3100
1698790680199 1.0 3200
1698790680200 1.0 3300
1698790680201 1.0 3400
1698790680202 1.0 3500
1698790680203 1.0 3600
1698790680204 1.0 3700
1698790680205 1.0 3800
1698790680206 1.0 3900
1698790680207 1.0 4000
1698790680208 1.0 4100
1698790680209 1.0 4200
1698790680210 1.0 4300
1698790680211 1.0 4400
1698790680212 1.0 4500
1698790680213 1.0 4600
1698790680215 1.0 4700
1698790680216 1.0 4800
1698790680217 1.0 4900
1698790680218 1.0 5000
1698790680219 1.0 5100
1698790680220 1.0 5200
1698790680220 1.0 5300
1698790680221 1.0 5400
1698790680221 1.0 5500
1698790680222 1.0 5600
1698790680223 1.0 5700
1698790680223 1.0 5800
1698790680224 1.0 5900
1698790680224 1.0 6000
1698790680225 1.0 6100
1698790680226 1.0 6200
1698790680226 1.0 6300
1698790680227 1.0 6400
1698790680228 1.0 6500
1698790680228 1.0 6600
1698790680229 1.0 6700
1698790680229 1.0 6800
1698790680230 1.0 6900
1698790680230 1.0 7000
1698790680231 1.0 7100
1698790680231 1.0 7200
1698790680232 1.0 7300
1698790680233 1.0 7400
1698790680233 1.0 7500
1698790680234 1.0 7600
1698790680234 1.0 7700
1698790680235 1.0 7800
1698790680235 1.0 7900
1698790680236 1.0 8000
1698790680237 1.0 8100
1698790680237 1.0 8200
1698790680238 1.0 8300
1698790680238 1.0 8400
1698790680239 1.0 8500
1698790680239 1.0 8600
1698790680240 1.0 8700
1698790680240 1.0 8800
1698790680241 0.9996666666666667 8900
1698790680242 0.998 9000
1698790680242 0.9896666666666667 9100
1698790680243 0.928 9200
1698790680243 0.7543333333333333 9300
1698790680244 0.502 9400
1698790680245 0.267 9500
1698790680245 0.12933333333333333 9600
1698790680246 0.050333333333333334 9700
1698790680246 0.014666666666666666 9800
1698790680247 0.001 9900
