1698790255011 1.0 0
1698790255012 1.0 100
1698790255014 1.0 200
1698790255015 1.0 300
1698790255016 1.0 400
1698790255017 1.0 500
1698790255019 1.0 600
1698790255020 1.0 700
1698790255021 1.0 800
1698790255022 1.0 900
1698790255023 1.0 1000
1698790255025 1.0 1100
1698790255026 1.0 1200
1698790255027 1.0 1300
1698790255028 1.0 1400
1698790255029 1.0 1500
1698790255031 1.0 1600
1698790255032 1.0 1700
1698790255033 1.0 1800
1698790255034 1.0 1900
1698790255035 1.0 2000
1698790255037 1.0 2100
1698790255038 1.0 2200
1698790255039 1.0 2300
1698790255040 1.0 2400
1698790255041 1.0 2500
1698790255043 1.0 2600
1698790255044 1.0 2700
1698790255045 1.0 2800
1698790255046 1.0 2900
1698790255048 1.0 3000
1698790255049 1.0 3100
1698790255050 1.0 3200
1698790255051 1.0 3300
1698790255052 1.0 3400
1698790255054 1.0 3500
1698790255055 1.0 3600
1698790255056 1.0 3700
1698790255058 1.0 3800
1698790255059 1.0 3900
1698790255060 1.0 4000
1698790255061 1.0 4100
1698790255062 1.0 4200
1698790255064 1.0 4300
1698790255065 1.0 4400
1698790255066 1.0 4500
1698790255067 1.0 4600
1698790255068 1.0 4700
1698790255069 1.0 4800
1698790255070 1.0 4900
1698790255072 1.0 5000
1698790255072 1.0 5100
1698790255073 1.0 5200
1698790255074 1.0 5300
1698790255075 1.0 5400
1698790255075 1.0 5500
1698790255076 1.0 5600
1698790255077 1.0 5700
1698790255077 1.0 5800
1698790255078 1.0 5900
1698790255078 1.0 6000
1698790255079 1.0 6100
1698790255079 1.0 6200
1698790255080 1.0 6300
1698790255080 1.0 6400
1698790255081 1.0 6500
1698790255082 1.0 6600
1698790255082 1.0 6700
1698790255083 1.0 6800
1698790255083 1.0 6900
1698790255084 1.0 7000
1698790255085 1.0 7100
1698790255085 1.0 7200
1698790255086 1.0 7300
1698790255086 1.0 7400
1698790255087 1.0 7500
1698790255087 1.0 7600
1698790255088 1.0 7700
1698790255089 1.0 7800
1698790255089 1.0 7900
1698790255090 1.0 8000
1698790255090 1.0 8100
1698790255091 1.0 8200
1698790255091 1.0 8300
1698790255092 1.0 8400
1698790255093 1.0 8500
1698790255093 1.0 8600
1698790255094 1.0 8700
1698790255094 1.0 8800
1698790255095 1.0 8900
1698790255095 0.9986666666666667 9000
1698790255096 0.9886666666666667 9100
1698790255097 0.9336666666666666 9200
1698790255097 0.7556666666666667 9300
1698790255098 0.5086666666666667 9400
1698790255098 0.265 9500
1698790255099 0.12733333333333333 9600
1698790255099 0.053 9700
1698790255100 0.014333333333333333 9800
1698790255101 0.001 9900
