1698788625031 0.0 0
1698788625032 0.0 100
1698788625033 0.0 200
1698788625034 0.0 300
1698788625034 0.0 400
1698788625035 0.0 500
1698788625036 0.0 600
1698788625037 0.0 700
1698788625038 0.0 800
1698788625039 0.0 900
1698788625040 0.0 1000
1698788625041 0.0 1100
1698788625042 0.0 1200
1698788625043 0.0 1300
1698788625044 0.0 1400
1698788625045 0.0 1500
1698788625046 0.0 1600
1698788625047 0.0 1700
1698788625048 0.0 1800
1698788625048 0.0 1900
1698788625049 0.0 2000
1698788625050 0.0 2100
1698788625051 0.0 2200
1698788625052 0.0 2300
1698788625053 0.0 2400
1698788625054 0.0 2500
1698788625055 0.0 2600
1698788625056 0.0 2700
1698788625057 0.0 2800
1698788625058 0.0 2900
1698788625059 0.0 3000
1698788625060 0.0 3100
1698788625061 0.0 3200
1698788625062 0.0 3300
1698788625062 0.0 3400
1698788625063 0.0 3500
1698788625064 0.0 3600
1698788625065 0.0 3700
1698788625066 0.0 3800
1698788625067 0.0 3900
1698788625068 0.0 4000
1698788625069 0.0 4100
1698788625070 0.0 4200
1698788625071 0.0 4300
1698788625072 0.0 4400
1698788625073 0.0 4500
1698788625074 0.0 4600
1698788625075 0.0 4700
1698788625075 0.0 4800
1698788625076 0.0 4900
1698788625077 0.0 5000
1698788625078 0.0 5100
1698788625079 0.0 5200
1698788625079 0.0 5300
1698788625080 0.0 5400
1698788625081 0.0 5500
1698788625082 0.0 5600
1698788625083 0.0 5700
1698788625084 0.0 5800
1698788625084 0.0 5900
1698788625085 0.0 6000
1698788625086 0.0 6100
1698788625087 0.0 6200
1698788625088 0.0 6300
1698788625088 0.0 6400
1698788625089 0.0 6500
1698788625090 0.0 6600
1698788625091 0.0 6700
1698788625092 0.0 6800
1698788625093 0.0 6900
1698788625093 0.0 7000
1698788625094 0.0 7100
1698788625095 0.0 7200
1698788625096 0.0 7300
1698788625097 0.0 7400
1698788625097 0.0 7500
1698788625098 0.0 7600
1698788625099 0.0 7700
1698788625100 0.0 7800
1698788625100 0.0 7900
1698788625101 0.0 8000
1698788625102 0.0 8100
1698788625102 0.0 8200
1698788625103 0.0 8300
1698788625103 0.0 8400
1698788625104 0.0 8500
1698788625105 0.0 8600
1698788625105 0.0 8700
1698788625106 0.0 8800
1698788625106 0.0 8900
1698788625107 0.0 9000
1698788625107 0.0 9100
1698788625108 0.0 9200
1698788625109 0.0 9300
1698788625109 0.0003333333333333333 9400
1698788625110 0.004333333333333333 9500
1698788625110 0.015 9600
1698788625111 0.041666666666666664 9700
1698788625112 0.1 9800
1698788625112 0.23533333333333334 9900
