1698791246771 0.0 0
1698791246773 0.0 100
1698791246774 0.0 200
1698791246775 0.0 300
1698791246776 0.0 400
1698791246777 0.0 500
1698791246778 0.0 600
1698791246779 0.0 700
1698791246780 0.0 800
1698791246781 0.0 900
1698791246782 0.0 1000
1698791246783 0.0 1100
1698791246784 0.0 1200
1698791246785 0.0 1300
1698791246786 0.0 1400
1698791246788 0.0 1500
1698791246789 0.0 1600
1698791246790 0.0 1700
1698791246791 0.0 1800
1698791246792 0.0 1900
1698791246793 0.0 2000
1698791246794 0.0 2100
1698791246795 0.0 2200
1698791246796 0.0 2300
1698791246797 0.0 2400
1698791246798 0.0 2500
1698791246799 0.0 2600
1698791246800 0.0 2700
1698791246801 0.0 2800
1698791246802 0.0 2900
1698791246804 0.0 3000
1698791246805 0.0 3100
1698791246806 0.0 3200
1698791246807 0.0 3300
1698791246808 0.0 3400
1698791246809 0.0 3500
1698791246810 0.0 3600
1698791246811 0.0 3700
1698791246812 0.0 3800
1698791246813 0.0 3900
1698791246814 0.0 4000
1698791246815 0.0 4100
1698791246816 0.0 4200
1698791246817 0.0 4300
1698791246818 0.0 4400
1698791246820 0.0 4500
1698791246821 0.0 4600
1698791246822 0.0 4700
1698791246823 0.0 4800
1698791246824 0.0 4900
1698791246824 0.0 5000
1698791246825 0.0 5100
1698791246826 0.0 5200
1698791246826 0.0 5300
1698791246827 0.0 5400
1698791246828 0.0 5500
1698791246828 0.0 5600
1698791246829 0.0 5700
1698791246829 0.0 5800
1698791246830 0.0 5900
1698791246830 0.0 6000
1698791246831 0.0 6100
1698791246832 0.0 6200
1698791246832 0.0 6300
1698791246833 0.0 6400
1698791246833 0.0 6500
1698791246834 0.0 6600
1698791246834 0.0 6700
1698791246835 0.0 6800
1698791246836 0.0 6900
1698791246836 0.0 7000
1698791246837 0.0 7100
1698791246837 0.0 7200
1698791246838 0.0 7300
1698791246838 0.0 7400
1698791246839 0.0 7500
1698791246840 0.0 7600
1698791246840 0.0 7700
1698791246841 0.0 7800
1698791246841 0.0 7900
1698791246842 0.0 8000
1698791246842 0.0 8100
1698791246843 0.0 8200
1698791246844 0.0 8300
1698791246844 0.0 8400
1698791246845 0.0 8500
1698791246845 0.0 8600
1698791246846 0.0 8700
1698791246846 0.0 8800
1698791246847 0.0 8900
1698791246848 0.0 9000
1698791246848 0.0006666666666666666 9100
1698791246849 0.0016666666666666668 9200
1698791246849 0.006333333333333333 9300
1698791246850 0.017666666666666667 9400
1698791246850 0.05 9500
1698791246851 0.11433333333333333 9600
1698791246852 0.235 9700
1698791246852 0.43533333333333335 9800
1698791246853 0.7656666666666667 9900
