1698790396708 0.0 0
1698790396709 0.0 100
1698790396710 0.0 200
1698790396711 0.0 300
1698790396712 0.0 400
1698790396713 0.0 500
1698790396714 0.0 600
1698790396715 0.0 700
1698790396716 0.0 800
1698790396717 0.0 900
1698790396718 0.0 1000
1698790396720 0.0 1100
1698790396721 0.0 1200
1698790396722 0.0 1300
1698790396723 0.0 1400
1698790396724 0.0 1500
1698790396725 0.0 1600
1698790396726 0.0 1700
1698790396727 0.0 1800
1698790396729 0.0 1900
1698790396730 0.0 2000
1698790396731 0.0 2100
1698790396732 0.0 2200
1698790396733 0.0 2300
1698790396734 0.0 2400
1698790396735 0.0 2500
1698790396736 0.0 2600
1698790396737 0.0 2700
1698790396738 0.0 2800
1698790396739 0.0 2900
1698790396740 0.0 3000
1698790396741 0.0 3100
1698790396742 0.0 3200
1698790396743 0.0 3300
1698790396745 0.0 3400
1698790396746 0.0 3500
1698790396747 0.0 3600
1698790396748 0.0 3700
1698790396749 0.0 3800
1698790396750 0.0 3900
1698790396751 0.0 4000
1698790396752 0.0 4100
1698790396753 0.0 4200
1698790396754 0.0 4300
1698790396755 0.0 4400
1698790396756 0.0 4500
1698790396757 0.0 4600
1698790396758 0.0 4700
1698790396759 0.0 4800
1698790396760 0.0 4900
1698790396761 0.0 5000
1698790396763 0.0 5100
1698790396764 0.0 5200
1698790396765 0.0 5300
1698790396766 0.0 5400
1698790396767 0.0 5500
1698790396768 0.0 5600
1698790396769 0.0 5700
1698790396770 0.0 5800
1698790396771 0.0 5900
1698790396771 0.0 6000
1698790396772 0.0 6100
1698790396773 0.0 6200
1698790396773 0.0 6300
1698790396774 0.0 6400
1698790396774 0.0 6500
1698790396775 0.0 6600
1698790396776 0.0 6700
1698790396776 0.0 6800
1698790396777 0.0 6900
1698790396777 0.0 7000
1698790396778 0.0 7100
1698790396778 0.0 7200
1698790396779 0.0 7300
1698790396780 0.0 7400
1698790396780 0.0 7500
1698790396781 0.0 7600
1698790396781 0.0 7700
1698790396782 0.0 7800
1698790396782 0.0 7900
1698790396783 0.0 8000
1698790396784 0.0 8100
1698790396784 0.0 8200
1698790396785 0.0 8300
1698790396785 0.0 8400
1698790396786 0.0 8500
1698790396787 0.0 8600
1698790396787 0.0 8700
1698790396788 0.0 8800
1698790396788 0.0 8900
1698790396789 0.0 9000
1698790396789 0.0006666666666666666 9100
1698790396790 0.0016666666666666668 9200
1698790396790 0.004 9300
1698790396791 0.014333333333333333 9400
1698790396792 0.045 9500
1698790396792 0.106 9600
1698790396793 0.21166666666666667 9700
1698790396793 0.413 9800
1698790396794 0.7506666666666667 9900
