1698789545919 0.0 0
1698789545920 0.0 100
1698789545921 0.0 200
1698789545922 0.0 300
1698789545923 0.0 400
1698789545925 0.0 500
1698789545926 0.0 600
1698789545927 0.0 700
1698789545928 0.0 800
1698789545929 0.0 900
1698789545930 0.0 1000
1698789545931 0.0 1100
1698789545932 0.0 1200
1698789545933 0.0 1300
1698789545934 0.0 1400
1698789545935 0.0 1500
1698789545936 0.0 1600
1698789545937 0.0 1700
1698789545938 0.0 1800
1698789545939 0.0 1900
1698789545940 0.0 2000
1698789545942 0.0 2100
1698789545943 0.0 2200
1698789545944 0.0 2300
1698789545945 0.0 2400
1698789545946 0.0 2500
1698789545947 0.0 2600
1698789545948 0.0 2700
1698789545949 0.0 2800
1698789545950 0.0 2900
1698789545951 0.0 3000
1698789545952 0.0 3100
1698789545953 0.0 3200
1698789545955 0.0 3300
1698789545956 0.0 3400
1698789545957 0.0 3500
1698789545958 0.0 3600
1698789545959 0.0 3700
1698789545960 0.0 3800
1698789545961 0.0 3900
1698789545962 0.0 4000
1698789545963 0.0 4100
1698789545964 0.0 4200
1698789545965 0.0 4300
1698789545966 0.0 4400
1698789545967 0.0 4500
1698789545968 0.0 4600
1698789545969 0.0 4700
1698789545971 0.0 4800
1698789545972 0.0 4900
1698789545973 0.0 5000
1698789545974 0.0 5100
1698789545975 0.0 5200
1698789545976 0.0 5300
1698789545977 0.0 5400
1698789545978 0.0 5500
1698789545979 0.0 5600
1698789545980 0.0 5700
1698789545981 0.0 5800
1698789545982 0.0 5900
1698789545983 0.0 6000
1698789545984 0.0 6100
1698789545985 0.0 6200
1698789545986 0.0 6300
1698789545988 0.0 6400
1698789545989 0.0 6500
1698789545990 0.0 6600
1698789545991 0.0 6700
1698789545992 0.0 6800
1698789545993 0.0 6900
1698789545993 0.0 7000
1698789545994 0.0 7100
1698789545995 0.0 7200
1698789545995 0.0 7300
1698789545996 0.0 7400
1698789545997 0.0 7500
1698789545997 0.0 7600
1698789545998 0.0 7700
1698789545998 0.0 7800
1698789545999 0.0 7900
1698789546000 0.0 8000
1698789546000 0.0 8100
1698789546001 0.0 8200
1698789546001 0.0 8300
1698789546002 0.0 8400
1698789546002 0.0 8500
1698789546003 0.0 8600
1698789546004 0.0 8700
1698789546004 0.0 8800
1698789546005 0.0 8900
1698789546005 0.0 9000
1698789546006 0.0003333333333333333 9100
1698789546006 0.001 9200
1698789546007 0.004 9300
1698789546008 0.012333333333333333 9400
1698789546008 0.03166666666666667 9500
1698789546009 0.08466666666666667 9600
1698789546010 0.17866666666666667 9700
1698789546010 0.3576666666666667 9800
1698789546011 0.7036666666666667 9900
