1698790892735 0.0 0
1698790892736 0.0 100
1698790892737 0.0 200
1698790892738 0.0 300
1698790892739 0.0 400
1698790892740 0.0 500
1698790892741 0.0 600
1698790892742 0.0 700
1698790892743 0.0 800
1698790892744 0.0 900
1698790892745 0.0 1000
1698790892746 0.0 1100
1698790892747 0.0 1200
1698790892748 0.0 1300
1698790892749 0.0 1400
1698790892750 0.0 1500
1698790892751 0.0 1600
1698790892752 0.0 1700
1698790892753 0.0 1800
1698790892753 0.0 1900
1698790892754 0.0 2000
1698790892755 0.0 2100
1698790892756 0.0 2200
1698790892757 0.0 2300
1698790892758 0.0 2400
1698790892759 0.0 2500
1698790892760 0.0 2600
1698790892761 0.0 2700
1698790892762 0.0 2800
1698790892763 0.0 2900
1698790892764 0.0 3000
1698790892765 0.0 3100
1698790892766 0.0 3200
1698790892767 0.0 3300
1698790892768 0.0 3400
1698790892769 0.0 3500
1698790892770 0.0 3600
1698790892771 0.0 3700
1698790892772 0.0 3800
1698790892774 0.0 3900
1698790892775 0.0 4000
1698790892776 0.0 4100
1698790892777 0.0 4200
1698790892778 0.0 4300
1698790892780 0.0 4400
1698790892781 0.0 4500
1698790892782 0.0 4600
1698790892783 0.0 4700
1698790892785 0.0 4800
1698790892786 0.0 4900
1698790892787 0.0 5000
1698790892788 0.0 5100
1698790892789 0.0 5200
1698790892791 0.0 5300
1698790892792 0.0 5400
1698790892793 0.0 5500
1698790892794 0.0 5600
1698790892795 0.0 5700
1698790892796 0.0 5800
1698790892797 0.0 5900
1698790892798 0.0 6000
1698790892799 0.0 6100
1698790892800 0.0 6200
1698790892801 0.0 6300
1698790892802 0.0 6400
1698790892803 0.0 6500
1698790892804 0.0 6600
1698790892805 0.0 6700
1698790892806 0.0 6800
1698790892807 0.0 6900
1698790892808 0.0 7000
1698790892809 0.0 7100
1698790892810 0.0 7200
1698790892811 0.0 7300
1698790892812 0.0 7400
1698790892812 0.0 7500
1698790892813 0.0 7600
1698790892814 0.0 7700
1698790892815 0.0 7800
1698790892816 0.0 7900
1698790892817 0.0 8000
1698790892818 0.0 8100
1698790892819 0.0 8200
1698790892820 0.0 8300
1698790892821 0.0 8400
1698790892822 0.0 8500
1698790892823 0.0 8600
1698790892824 0.0 8700
1698790892825 0.0 8800
1698790892826 0.0 8900
1698790892827 0.0 9000
1698790892828 0.0006666666666666666 9100
1698790892829 0.001 9200
1698790892830 0.0036666666666666666 9300
1698790892830 0.016 9400
1698790892831 0.04633333333333333 9500
1698790892832 0.11166666666666666 9600
1698790892833 0.23066666666666666 9700
1698790892834 0.43633333333333335 9800
1698790892835 0.7723333333333333 9900
