1698789191538 0.0 0
1698789191539 0.0 100
1698789191540 0.0 200
1698789191541 0.0 300
1698789191542 0.0 400
1698789191543 0.0 500
1698789191544 0.0 600
1698789191545 0.0 700
1698789191546 0.0 800
1698789191547 0.0 900
1698789191548 0.0 1000
1698789191549 0.0 1100
1698789191550 0.0 1200
1698789191551 0.0 1300
1698789191551 0.0 1400
1698789191552 0.0 1500
1698789191553 0.0 1600
1698789191554 0.0 1700
1698789191555 0.0 1800
1698789191556 0.0 1900
1698789191557 0.0 2000
1698789191558 0.0 2100
1698789191559 0.0 2200
1698789191560 0.0 2300
1698789191561 0.0 2400
1698789191562 0.0 2500
1698789191563 0.0 2600
1698789191564 0.0 2700
1698789191565 0.0 2800
1698789191566 0.0 2900
1698789191566 0.0 3000
1698789191567 0.0 3100
1698789191568 0.0 3200
1698789191569 0.0 3300
1698789191570 0.0 3400
1698789191571 0.0 3500
1698789191572 0.0 3600
1698789191573 0.0 3700
1698789191574 0.0 3800
1698789191575 0.0 3900
1698789191576 0.0 4000
1698789191577 0.0 4100
1698789191578 0.0 4200
1698789191579 0.0 4300
1698789191580 0.0 4400
1698789191581 0.0 4500
1698789191582 0.0 4600
1698789191582 0.0 4700
1698789191583 0.0 4800
1698789191584 0.0 4900
1698789191585 0.0 5000
1698789191585 0.0 5100
1698789191586 0.0 5200
1698789191586 0.0 5300
1698789191587 0.0 5400
1698789191588 0.0 5500
1698789191588 0.0 5600
1698789191589 0.0 5700
1698789191589 0.0 5800
1698789191590 0.0 5900
1698789191590 0.0 6000
1698789191591 0.0 6100
1698789191592 0.0 6200
1698789191592 0.0 6300
1698789191593 0.0 6400
1698789191593 0.0 6500
1698789191594 0.0 6600
1698789191594 0.0 6700
1698789191595 0.0 6800
1698789191596 0.0 6900
1698789191596 0.0 7000
1698789191597 0.0 7100
1698789191597 0.0 7200
1698789191598 0.0 7300
1698789191599 0.0 7400
1698789191599 0.0 7500
1698789191600 0.0 7600
1698789191600 0.0 7700
1698789191601 0.0 7800
1698789191601 0.0 7900
1698789191602 0.0 8000
1698789191603 0.0 8100
1698789191603 0.0 8200
1698789191604 0.0 8300
1698789191604 0.0 8400
1698789191605 0.0 8500
1698789191606 0.0 8600
1698789191606 0.0 8700
1698789191607 0.0 8800
1698789191607 0.0 8900
1698789191608 0.0 9000
1698789191609 0.0 9100
1698789191609 0.0003333333333333333 9200
1698789191610 0.0033333333333333335 9300
1698789191610 0.016 9400
1698789191611 0.038 9500
1698789191611 0.08366666666666667 9600
1698789191612 0.17333333333333334 9700
1698789191613 0.341 9800
1698789191613 0.6673333333333333 9900
