1698789475064 0.0 0
1698789475066 0.0 100
1698789475067 0.0 200
1698789475068 0.0 300
1698789475069 0.0 400
1698789475070 0.0 500
1698789475072 0.0 600
1698789475073 0.0 700
1698789475074 0.0 800
1698789475075 0.0 900
1698789475076 0.0 1000
1698789475078 0.0 1100
1698789475079 0.0 1200
1698789475080 0.0 1300
1698789475081 0.0 1400
1698789475082 0.0 1500
1698789475084 0.0 1600
1698789475085 0.0 1700
1698789475086 0.0 1800
1698789475087 0.0 1900
1698789475089 0.0 2000
1698789475090 0.0 2100
1698789475091 0.0 2200
1698789475092 0.0 2300
1698789475093 0.0 2400
1698789475095 0.0 2500
1698789475096 0.0 2600
1698789475097 0.0 2700
1698789475098 0.0 2800
1698789475099 0.0 2900
1698789475100 0.0 3000
1698789475101 0.0 3100
1698789475102 0.0 3200
1698789475103 0.0 3300
1698789475104 0.0 3400
1698789475105 0.0 3500
1698789475106 0.0 3600
1698789475108 0.0 3700
1698789475109 0.0 3800
1698789475110 0.0 3900
1698789475111 0.0 4000
1698789475112 0.0 4100
1698789475113 0.0 4200
1698789475114 0.0 4300
1698789475115 0.0 4400
1698789475116 0.0 4500
1698789475117 0.0 4600
1698789475118 0.0 4700
1698789475119 0.0 4800
1698789475120 0.0 4900
1698789475120 0.0 5000
1698789475121 0.0 5100
1698789475122 0.0 5200
1698789475122 0.0 5300
1698789475123 0.0 5400
1698789475123 0.0 5500
1698789475124 0.0 5600
1698789475124 0.0 5700
1698789475125 0.0 5800
1698789475126 0.0 5900
1698789475126 0.0 6000
1698789475127 0.0 6100
1698789475127 0.0 6200
1698789475128 0.0 6300
1698789475129 0.0 6400
1698789475129 0.0 6500
1698789475130 0.0 6600
1698789475130 0.0 6700
1698789475131 0.0 6800
1698789475131 0.0 6900
1698789475132 0.0 7000
1698789475133 0.0 7100
1698789475133 0.0 7200
1698789475134 0.0 7300
1698789475134 0.0 7400
1698789475135 0.0 7500
1698789475136 0.0 7600
1698789475136 0.0 7700
1698789475137 0.0 7800
1698789475137 0.0 7900
1698789475138 0.0 8000
1698789475138 0.0 8100
1698789475139 0.0 8200
1698789475140 0.0 8300
1698789475140 0.0 8400
1698789475141 0.0 8500
1698789475141 0.0 8600
1698789475142 0.0 8700
1698789475142 0.0 8800
1698789475143 0.0 8900
1698789475144 0.0 9000
1698789475144 0.0 9100
1698789475145 0.0006666666666666666 9200
1698789475145 0.004 9300
1698789475146 0.011333333333333334 9400
1698789475147 0.03 9500
1698789475147 0.083 9600
1698789475148 0.17766666666666667 9700
1698789475148 0.3516666666666667 9800
1698789475149 0.6983333333333334 9900
