1698789829950 0.0 0
1698789829952 0.0 100
1698789829953 0.0 200
1698789829954 0.0 300
1698789829956 0.0 400
1698789829957 0.0 500
1698789829958 0.0 600
1698789829959 0.0 700
1698789829960 0.0 800
1698789829962 0.0 900
1698789829963 0.0 1000
1698789829964 0.0 1100
1698789829965 0.0 1200
1698789829966 0.0 1300
1698789829968 0.0 1400
1698789829969 0.0 1500
1698789829970 0.0 1600
1698789829971 0.0 1700
1698789829972 0.0 1800
1698789829974 0.0 1900
1698789829975 0.0 2000
1698789829976 0.0 2100
1698789829977 0.0 2200
1698789829979 0.0 2300
1698789829980 0.0 2400
1698789829981 0.0 2500
1698789829983 0.0 2600
1698789829984 0.0 2700
1698789829985 0.0 2800
1698789829986 0.0 2900
1698789829987 0.0 3000
1698789829989 0.0 3100
1698789829990 0.0 3200
1698789829991 0.0 3300
1698789829993 0.0 3400
1698789829994 0.0 3500
1698789829995 0.0 3600
1698789829996 0.0 3700
1698789829997 0.0 3800
1698789829999 0.0 3900
1698789830000 0.0 4000
1698789830001 0.0 4100
1698789830002 0.0 4200
1698789830003 0.0 4300
1698789830004 0.0 4400
1698789830005 0.0 4500
1698789830006 0.0 4600
1698789830007 0.0 4700
1698789830008 0.0 4800
1698789830008 0.0 4900
1698789830009 0.0 5000
1698789830010 0.0 5100
1698789830011 0.0 5200
1698789830012 0.0 5300
1698789830013 0.0 5400
1698789830014 0.0 5500
1698789830015 0.0 5600
1698789830016 0.0 5700
1698789830017 0.0 5800
1698789830018 0.0 5900
1698789830019 0.0 6000
1698789830020 0.0 6100
1698789830021 0.0 6200
1698789830022 0.0 6300
1698789830023 0.0 6400
1698789830024 0.0 6500
1698789830025 0.0 6600
1698789830025 0.0 6700
1698789830026 0.0 6800
1698789830027 0.0 6900
1698789830028 0.0 7000
1698789830029 0.0 7100
1698789830030 0.0 7200
1698789830031 0.0 7300
1698789830032 0.0 7400
1698789830033 0.0 7500
1698789830034 0.0 7600
1698789830035 0.0 7700
1698789830036 0.0 7800
1698789830037 0.0 7900
1698789830038 0.0 8000
1698789830039 0.0 8100
1698789830040 0.0 8200
1698789830041 0.0 8300
1698789830041 0.0 8400
1698789830042 0.0 8500
1698789830043 0.0 8600
1698789830044 0.0 8700
1698789830045 0.0 8800
1698789830046 0.0 8900
1698789830047 0.0 9000
1698789830048 0.0 9100
1698789830049 0.001 9200
1698789830050 0.003 9300
1698789830051 0.008666666666666666 9400
1698789830052 0.03666666666666667 9500
1698789830053 0.088 9600
1698789830054 0.19533333333333333 9700
1698789830055 0.38 9800
1698789830056 0.7126666666666667 9900
