1698789971840 0.0 0
1698789971841 0.0 100
1698789971842 0.0 200
1698789971843 0.0 300
1698789971844 0.0 400
1698789971845 0.0 500
1698789971846 0.0 600
1698789971848 0.0 700
1698789971849 0.0 800
1698789971850 0.0 900
1698789971851 0.0 1000
1698789971852 0.0 1100
1698789971853 0.0 1200
1698789971854 0.0 1300
1698789971855 0.0 1400
1698789971856 0.0 1500
1698789971857 0.0 1600
1698789971858 0.0 1700
1698789971860 0.0 1800
1698789971861 0.0 1900
1698789971862 0.0 2000
1698789971863 0.0 2100
1698789971864 0.0 2200
1698789971865 0.0 2300
1698789971866 0.0 2400
1698789971867 0.0 2500
1698789971868 0.0 2600
1698789971869 0.0 2700
1698789971870 0.0 2800
1698789971871 0.0 2900
1698789971872 0.0 3000
1698789971873 0.0 3100
1698789971874 0.0 3200
1698789971875 0.0 3300
1698789971877 0.0 3400
1698789971878 0.0 3500
1698789971879 0.0 3600
1698789971880 0.0 3700
1698789971881 0.0 3800
1698789971882 0.0 3900
1698789971883 0.0 4000
1698789971884 0.0 4100
1698789971885 0.0 4200
1698789971886 0.0 4300
1698789971887 0.0 4400
1698789971888 0.0 4500
1698789971889 0.0 4600
1698789971890 0.0 4700
1698789971892 0.0 4800
1698789971893 0.0 4900
1698789971894 0.0 5000
1698789971895 0.0 5100
1698789971896 0.0 5200
1698789971897 0.0 5300
1698789971897 0.0 5400
1698789971898 0.0 5500
1698789971899 0.0 5600
1698789971899 0.0 5700
1698789971900 0.0 5800
1698789971900 0.0 5900
1698789971901 0.0 6000
1698789971901 0.0 6100
1698789971902 0.0 6200
1698789971903 0.0 6300
1698789971903 0.0 6400
1698789971904 0.0 6500
1698789971904 0.0 6600
1698789971905 0.0 6700
1698789971906 0.0 6800
1698789971906 0.0 6900
1698789971907 0.0 7000
1698789971907 0.0 7100
1698789971908 0.0 7200
1698789971908 0.0 7300
1698789971909 0.0 7400
1698789971909 0.0 7500
1698789971910 0.0 7600
1698789971911 0.0 7700
1698789971911 0.0 7800
1698789971912 0.0 7900
1698789971912 0.0 8000
1698789971913 0.0 8100
1698789971914 0.0 8200
1698789971914 0.0 8300
1698789971915 0.0 8400
1698789971915 0.0 8500
1698789971916 0.0 8600
1698789971916 0.0 8700
1698789971917 0.0 8800
1698789971917 0.0 8900
1698789971918 0.0 9000
1698789971919 0.0 9100
1698789971919 0.0006666666666666666 9200
1698789971920 0.0023333333333333335 9300
1698789971920 0.009 9400
1698789971921 0.029666666666666668 9500
1698789971922 0.08233333333333333 9600
1698789971922 0.18066666666666667 9700
1698789971923 0.3913333333333333 9800
1698789971923 0.7246666666666667 9900
