1698789262385 0.0 0
1698789262387 0.0 100
1698789262388 0.0 200
1698789262389 0.0 300
1698789262390 0.0 400
1698789262391 0.0 500
1698789262393 0.0 600
1698789262394 0.0 700
1698789262395 0.0 800
1698789262396 0.0 900
1698789262397 0.0 1000
1698789262399 0.0 1100
1698789262400 0.0 1200
1698789262401 0.0 1300
1698789262402 0.0 1400
1698789262403 0.0 1500
1698789262405 0.0 1600
1698789262406 0.0 1700
1698789262407 0.0 1800
1698789262408 0.0 1900
1698789262409 0.0 2000
1698789262410 0.0 2100
1698789262411 0.0 2200
1698789262412 0.0 2300
1698789262413 0.0 2400
1698789262415 0.0 2500
1698789262416 0.0 2600
1698789262417 0.0 2700
1698789262418 0.0 2800
1698789262419 0.0 2900
1698789262420 0.0 3000
1698789262421 0.0 3100
1698789262422 0.0 3200
1698789262423 0.0 3300
1698789262424 0.0 3400
1698789262425 0.0 3500
1698789262426 0.0 3600
1698789262427 0.0 3700
1698789262428 0.0 3800
1698789262429 0.0 3900
1698789262430 0.0 4000
1698789262431 0.0 4100
1698789262432 0.0 4200
1698789262434 0.0 4300
1698789262435 0.0 4400
1698789262436 0.0 4500
1698789262437 0.0 4600
1698789262437 0.0 4700
1698789262438 0.0 4800
1698789262439 0.0 4900
1698789262439 0.0 5000
1698789262440 0.0 5100
1698789262440 0.0 5200
1698789262441 0.0 5300
1698789262442 0.0 5400
1698789262442 0.0 5500
1698789262443 0.0 5600
1698789262444 0.0 5700
1698789262444 0.0 5800
1698789262445 0.0 5900
1698789262445 0.0 6000
1698789262446 0.0 6100
1698789262446 0.0 6200
1698789262447 0.0 6300
1698789262448 0.0 6400
1698789262448 0.0 6500
1698789262449 0.0 6600
1698789262449 0.0 6700
1698789262450 0.0 6800
1698789262450 0.0 6900
1698789262451 0.0 7000
1698789262452 0.0 7100
1698789262452 0.0 7200
1698789262453 0.0 7300
1698789262453 0.0 7400
1698789262454 0.0 7500
1698789262454 0.0 7600
1698789262455 0.0 7700
1698789262456 0.0 7800
1698789262456 0.0 7900
1698789262457 0.0 8000
1698789262457 0.0 8100
1698789262458 0.0 8200
1698789262458 0.0 8300
1698789262459 0.0 8400
1698789262460 0.0 8500
1698789262460 0.0 8600
1698789262461 0.0 8700
1698789262461 0.0 8800
1698789262462 0.0 8900
1698789262463 0.0 9000
1698789262463 0.0 9100
1698789262464 0.0013333333333333333 9200
1698789262464 0.0036666666666666666 9300
1698789262465 0.011 9400
1698789262466 0.035333333333333335 9500
1698789262466 0.083 9600
1698789262467 0.174 9700
1698789262467 0.3496666666666667 9800
1698789262468 0.6683333333333333 9900
