1698790538407 0.0 0
1698790538408 0.0 100
1698790538409 0.0 200
1698790538410 0.0 300
1698790538412 0.0 400
1698790538413 0.0 500
1698790538414 0.0 600
1698790538415 0.0 700
1698790538416 0.0 800
1698790538418 0.0 900
1698790538419 0.0 1000
1698790538420 0.0 1100
1698790538421 0.0 1200
1698790538423 0.0 1300
1698790538424 0.0 1400
1698790538425 0.0 1500
1698790538426 0.0 1600
1698790538427 0.0 1700
1698790538429 0.0 1800
1698790538430 0.0 1900
1698790538431 0.0 2000
1698790538432 0.0 2100
1698790538433 0.0 2200
1698790538435 0.0 2300
1698790538436 0.0 2400
1698790538437 0.0 2500
1698790538438 0.0 2600
1698790538439 0.0 2700
1698790538441 0.0 2800
1698790538442 0.0 2900
1698790538443 0.0 3000
1698790538444 0.0 3100
1698790538446 0.0 3200
1698790538447 0.0 3300
1698790538448 0.0 3400
1698790538449 0.0 3500
1698790538450 0.0 3600
1698790538452 0.0 3700
1698790538453 0.0 3800
1698790538454 0.0 3900
1698790538455 0.0 4000
1698790538456 0.0 4100
1698790538458 0.0 4200
1698790538459 0.0 4300
1698790538461 0.0 4400
1698790538462 0.0 4500
1698790538463 0.0 4600
1698790538463 0.0 4700
1698790538464 0.0 4800
1698790538465 0.0 4900
1698790538466 0.0 5000
1698790538467 0.0 5100
1698790538468 0.0 5200
1698790538469 0.0 5300
1698790538470 0.0 5400
1698790538471 0.0 5500
1698790538472 0.0 5600
1698790538473 0.0 5700
1698790538474 0.0 5800
1698790538475 0.0 5900
1698790538476 0.0 6000
1698790538477 0.0 6100
1698790538478 0.0 6200
1698790538479 0.0 6300
1698790538480 0.0 6400
1698790538480 0.0 6500
1698790538481 0.0 6600
1698790538482 0.0 6700
1698790538483 0.0 6800
1698790538484 0.0 6900
1698790538485 0.0 7000
1698790538486 0.0 7100
1698790538487 0.0 7200
1698790538488 0.0 7300
1698790538489 0.0 7400
1698790538490 0.0 7500
1698790538491 0.0 7600
1698790538492 0.0 7700
1698790538493 0.0 7800
1698790538494 0.0 7900
1698790538495 0.0 8000
1698790538496 0.0 8100
1698790538497 0.0 8200
1698790538497 0.0 8300
1698790538498 0.0 8400
1698790538499 0.0 8500
1698790538500 0.0 8600
1698790538501 0.0 8700
1698790538502 0.0 8800
1698790538503 0.0 8900
1698790538504 0.0 9000
1698790538505 0.0006666666666666666 9100
1698790538506 0.0016666666666666668 9200
1698790538507 0.004333333333333333 9300
1698790538508 0.017 9400
1698790538509 0.04533333333333334 9500
1698790538510 0.107 9600
1698790538511 0.22 9700
1698790538512 0.42233333333333334 9800
1698790538513 0.765 9900
