1698788978968 0.0 0
1698788978969 0.0 100
1698788978970 0.0 200
1698788978971 0.0 300
1698788978972 0.0 400
1698788978973 0.0 500
1698788978974 0.0 600
1698788978976 0.0 700
1698788978977 0.0 800
1698788978978 0.0 900
1698788978979 0.0 1000
1698788978980 0.0 1100
1698788978981 0.0 1200
1698788978982 0.0 1300
1698788978983 0.0 1400
1698788978984 0.0 1500
1698788978985 0.0 1600
1698788978986 0.0 1700
1698788978987 0.0 1800
1698788978988 0.0 1900
1698788978989 0.0 2000
1698788978990 0.0 2100
1698788978991 0.0 2200
1698788978993 0.0 2300
1698788978994 0.0 2400
1698788978995 0.0 2500
1698788978996 0.0 2600
1698788978997 0.0 2700
1698788978998 0.0 2800
1698788978999 0.0 2900
1698788979000 0.0 3000
1698788979001 0.0 3100
1698788979002 0.0 3200
1698788979003 0.0 3300
1698788979004 0.0 3400
1698788979005 0.0 3500
1698788979006 0.0 3600
1698788979007 0.0 3700
1698788979008 0.0 3800
1698788979010 0.0 3900
1698788979011 0.0 4000
1698788979012 0.0 4100
1698788979013 0.0 4200
1698788979014 0.0 4300
1698788979015 0.0 4400
1698788979016 0.0 4500
1698788979017 0.0 4600
1698788979018 0.0 4700
1698788979019 0.0 4800
1698788979020 0.0 4900
1698788979021 0.0 5000
1698788979022 0.0 5100
1698788979023 0.0 5200
1698788979024 0.0 5300
1698788979025 0.0 5400
1698788979026 0.0 5500
1698788979027 0.0 5600
1698788979027 0.0 5700
1698788979028 0.0 5800
1698788979029 0.0 5900
1698788979029 0.0 6000
1698788979030 0.0 6100
1698788979030 0.0 6200
1698788979031 0.0 6300
1698788979032 0.0 6400
1698788979032 0.0 6500
1698788979033 0.0 6600
1698788979034 0.0 6700
1698788979034 0.0 6800
1698788979035 0.0 6900
1698788979035 0.0 7000
1698788979036 0.0 7100
1698788979036 0.0 7200
1698788979037 0.0 7300
1698788979038 0.0 7400
1698788979038 0.0 7500
1698788979039 0.0 7600
1698788979039 0.0 7700
1698788979040 0.0 7800
1698788979041 0.0 7900
1698788979041 0.0 8000
1698788979042 0.0 8100
1698788979042 0.0 8200
1698788979043 0.0 8300
1698788979043 0.0 8400
1698788979044 0.0 8500
1698788979045 0.0 8600
1698788979045 0.0 8700
1698788979046 0.0 8800
1698788979046 0.0 8900
1698788979047 0.0 9000
1698788979048 0.0003333333333333333 9100
1698788979048 0.0006666666666666666 9200
1698788979049 0.0033333333333333335 9300
1698788979049 0.010666666666666666 9400
1698788979050 0.025666666666666667 9500
1698788979051 0.06366666666666666 9600
1698788979051 0.13366666666666666 9700
1698788979052 0.2776666666666667 9800
1698788979052 0.5563333333333333 9900
