1698789900812 0.0 0
1698789900813 0.0 100
1698789900814 0.0 200
1698789900816 0.0 300
1698789900817 0.0 400
1698789900818 0.0 500
1698789900819 0.0 600
1698789900821 0.0 700
1698789900822 0.0 800
1698789900823 0.0 900
1698789900824 0.0 1000
1698789900825 0.0 1100
1698789900827 0.0 1200
1698789900828 0.0 1300
1698789900829 0.0 1400
1698789900830 0.0 1500
1698789900831 0.0 1600
1698789900833 0.0 1700
1698789900834 0.0 1800
1698789900835 0.0 1900
1698789900836 0.0 2000
1698789900837 0.0 2100
1698789900839 0.0 2200
1698789900840 0.0 2300
1698789900841 0.0 2400
1698789900842 0.0 2500
1698789900843 0.0 2600
1698789900845 0.0 2700
1698789900846 0.0 2800
1698789900847 0.0 2900
1698789900848 0.0 3000
1698789900850 0.0 3100
1698789900851 0.0 3200
1698789900852 0.0 3300
1698789900853 0.0 3400
1698789900854 0.0 3500
1698789900856 0.0 3600
1698789900857 0.0 3700
1698789900858 0.0 3800
1698789900859 0.0 3900
1698789900860 0.0 4000
1698789900862 0.0 4100
1698789900863 0.0 4200
1698789900863 0.0 4300
1698789900864 0.0 4400
1698789900865 0.0 4500
1698789900866 0.0 4600
1698789900867 0.0 4700
1698789900868 0.0 4800
1698789900869 0.0 4900
1698789900870 0.0 5000
1698789900871 0.0 5100
1698789900872 0.0 5200
1698789900873 0.0 5300
1698789900874 0.0 5400
1698789900875 0.0 5500
1698789900876 0.0 5600
1698789900877 0.0 5700
1698789900878 0.0 5800
1698789900879 0.0 5900
1698789900880 0.0 6000
1698789900880 0.0 6100
1698789900881 0.0 6200
1698789900882 0.0 6300
1698789900884 0.0 6400
1698789900884 0.0 6500
1698789900885 0.0 6600
1698789900886 0.0 6700
1698789900887 0.0 6800
1698789900888 0.0 6900
1698789900889 0.0 7000
1698789900890 0.0 7100
1698789900891 0.0 7200
1698789900892 0.0 7300
1698789900893 0.0 7400
1698789900894 0.0 7500
1698789900895 0.0 7600
1698789900896 0.0 7700
1698789900897 0.0 7800
1698789900898 0.0 7900
1698789900899 0.0 8000
1698789900902 0.0 8100
1698789900903 0.0 8200
1698789900904 0.0 8300
1698789900905 0.0 8400
1698789900906 0.0 8500
1698789900907 0.0 8600
1698789900908 0.0 8700
1698789900909 0.0 8800
1698789900910 0.0 8900
1698789900911 0.0 9000
1698789900911 0.0 9100
1698789900912 0.0003333333333333333 9200
1698789900913 0.0036666666666666666 9300
1698789900914 0.013666666666666667 9400
1698789900915 0.03333333333333333 9500
1698789900916 0.08833333333333333 9600
1698789900917 0.19633333333333333 9700
1698789900918 0.3893333333333333 9800
1698789900919 0.7113333333333334 9900
