1698790184305 0.0 0
1698790184306 0.0 100
1698790184307 0.0 200
1698790184308 0.0 300
1698790184309 0.0 400
1698790184310 0.0 500
1698790184310 0.0 600
1698790184311 0.0 700
1698790184312 0.0 800
1698790184313 0.0 900
1698790184314 0.0 1000
1698790184314 0.0 1100
1698790184315 0.0 1200
1698790184316 0.0 1300
1698790184317 0.0 1400
1698790184318 0.0 1500
1698790184319 0.0 1600
1698790184319 0.0 1700
1698790184320 0.0 1800
1698790184321 0.0 1900
1698790184322 0.0 2000
1698790184323 0.0 2100
1698790184324 0.0 2200
1698790184324 0.0 2300
1698790184325 0.0 2400
1698790184326 0.0 2500
1698790184327 0.0 2600
1698790184328 0.0 2700
1698790184329 0.0 2800
1698790184329 0.0 2900
1698790184330 0.0 3000
1698790184331 0.0 3100
1698790184332 0.0 3200
1698790184333 0.0 3300
1698790184334 0.0 3400
1698790184334 0.0 3500
1698790184335 0.0 3600
1698790184336 0.0 3700
1698790184337 0.0 3800
1698790184338 0.0 3900
1698790184339 0.0 4000
1698790184339 0.0 4100
1698790184340 0.0 4200
1698790184341 0.0 4300
1698790184342 0.0 4400
1698790184343 0.0 4500
1698790184344 0.0 4600
1698790184344 0.0 4700
1698790184345 0.0 4800
1698790184346 0.0 4900
1698790184347 0.0 5000
1698790184348 0.0 5100
1698790184348 0.0 5200
1698790184349 0.0 5300
1698790184350 0.0 5400
1698790184351 0.0 5500
1698790184352 0.0 5600
1698790184353 0.0 5700
1698790184354 0.0 5800
1698790184355 0.0 5900
1698790184356 0.0 6000
1698790184357 0.0 6100
1698790184358 0.0 6200
1698790184359 0.0 6300
1698790184360 0.0 6400
1698790184361 0.0 6500
1698790184362 0.0 6600
1698790184363 0.0 6700
1698790184364 0.0 6800
1698790184365 0.0 6900
1698790184367 0.0 7000
1698790184368 0.0 7100
1698790184369 0.0 7200
1698790184370 0.0 7300
1698790184371 0.0 7400
1698790184372 0.0 7500
1698790184373 0.0 7600
1698790184374 0.0 7700
1698790184375 0.0 7800
1698790184376 0.0 7900
1698790184377 0.0 8000
1698790184378 0.0 8100
1698790184379 0.0 8200
1698790184380 0.0 8300
1698790184381 0.0 8400
1698790184383 0.0 8500
1698790184384 0.0 8600
1698790184385 0.0 8700
1698790184386 0.0 8800
1698790184387 0.0 8900
1698790184388 0.0 9000
1698790184389 0.0 9100
1698790184390 0.0016666666666666668 9200
1698790184391 0.004333333333333333 9300
1698790184392 0.014666666666666666 9400
1698790184393 0.04133333333333333 9500
1698790184394 0.09933333333333333 9600
1698790184395 0.203 9700
1698790184396 0.38766666666666666 9800
1698790184397 0.74 9900
