1698791175834 0.0 0
1698791175836 0.0 100
1698791175837 0.0 200
1698791175838 0.0 300
1698791175839 0.0 400
1698791175840 0.0 500
1698791175841 0.0 600
1698791175842 0.0 700
1698791175843 0.0 800
1698791175844 0.0 900
1698791175845 0.0 1000
1698791175846 0.0 1100
1698791175847 0.0 1200
1698791175848 0.0 1300
1698791175850 0.0 1400
1698791175851 0.0 1500
1698791175852 0.0 1600
1698791175853 0.0 1700
1698791175854 0.0 1800
1698791175855 0.0 1900
1698791175856 0.0 2000
1698791175857 0.0 2100
1698791175858 0.0 2200
1698791175859 0.0 2300
1698791175861 0.0 2400
1698791175862 0.0 2500
1698791175863 0.0 2600
1698791175864 0.0 2700
1698791175865 0.0 2800
1698791175866 0.0 2900
1698791175867 0.0 3000
1698791175868 0.0 3100
1698791175869 0.0 3200
1698791175870 0.0 3300
1698791175870 0.0 3400
1698791175871 0.0 3500
1698791175872 0.0 3600
1698791175873 0.0 3700
1698791175874 0.0 3800
1698791175875 0.0 3900
1698791175877 0.0 4000
1698791175878 0.0 4100
1698791175879 0.0 4200
1698791175880 0.0 4300
1698791175881 0.0 4400
1698791175882 0.0 4500
1698791175883 0.0 4600
1698791175884 0.0 4700
1698791175885 0.0 4800
1698791175886 0.0 4900
1698791175887 0.0 5000
1698791175888 0.0 5100
1698791175889 0.0 5200
1698791175890 0.0 5300
1698791175891 0.0 5400
1698791175892 0.0 5500
1698791175894 0.0 5600
1698791175895 0.0 5700
1698791175896 0.0 5800
1698791175897 0.0 5900
1698791175898 0.0 6000
1698791175899 0.0 6100
1698791175900 0.0 6200
1698791175901 0.0 6300
1698791175902 0.0 6400
1698791175903 0.0 6500
1698791175904 0.0 6600
1698791175905 0.0 6700
1698791175906 0.0 6800
1698791175907 0.0 6900
1698791175908 0.0 7000
1698791175909 0.0 7100
1698791175910 0.0 7200
1698791175912 0.0 7300
1698791175913 0.0 7400
1698791175913 0.0 7500
1698791175914 0.0 7600
1698791175915 0.0 7700
1698791175915 0.0 7800
1698791175916 0.0 7900
1698791175916 0.0 8000
1698791175917 0.0 8100
1698791175917 0.0 8200
1698791175918 0.0 8300
1698791175919 0.0 8400
1698791175919 0.0 8500
1698791175920 0.0 8600
1698791175920 0.0 8700
1698791175921 0.0 8800
1698791175921 0.0 8900
1698791175922 0.0 9000
1698791175923 0.0 9100
1698791175923 0.0013333333333333333 9200
1698791175924 0.006666666666666667 9300
1698791175924 0.019333333333333334 9400
1698791175925 0.05566666666666667 9500
1698791175925 0.12466666666666666 9600
1698791175926 0.24533333333333332 9700
1698791175927 0.455 9800
1698791175927 0.779 9900
