1698790821946 0.0 0
1698790821947 0.0 100
1698790821948 0.0 200
1698790821949 0.0 300
1698790821950 0.0 400
1698790821951 0.0 500
1698790821952 0.0 600
1698790821953 0.0 700
1698790821955 0.0 800
1698790821956 0.0 900
1698790821957 0.0 1000
1698790821958 0.0 1100
1698790821959 0.0 1200
1698790821960 0.0 1300
1698790821961 0.0 1400
1698790821962 0.0 1500
1698790821963 0.0 1600
1698790821964 0.0 1700
1698790821965 0.0 1800
1698790821966 0.0 1900
1698790821966 0.0 2000
1698790821967 0.0 2100
1698790821968 0.0 2200
1698790821969 0.0 2300
1698790821970 0.0 2400
1698790821972 0.0 2500
1698790821973 0.0 2600
1698790821974 0.0 2700
1698790821975 0.0 2800
1698790821976 0.0 2900
1698790821977 0.0 3000
1698790821978 0.0 3100
1698790821979 0.0 3200
1698790821980 0.0 3300
1698790821981 0.0 3400
1698790821982 0.0 3500
1698790821983 0.0 3600
1698790821984 0.0 3700
1698790821985 0.0 3800
1698790821986 0.0 3900
1698790821988 0.0 4000
1698790821989 0.0 4100
1698790821990 0.0 4200
1698790821991 0.0 4300
1698790821992 0.0 4400
1698790821993 0.0 4500
1698790821994 0.0 4600
1698790821995 0.0 4700
1698790821996 0.0 4800
1698790821997 0.0 4900
1698790821998 0.0 5000
1698790821999 0.0 5100
1698790822000 0.0 5200
1698790822001 0.0 5300
1698790822002 0.0 5400
1698790822003 0.0 5500
1698790822005 0.0 5600
1698790822005 0.0 5700
1698790822006 0.0 5800
1698790822007 0.0 5900
1698790822007 0.0 6000
1698790822008 0.0 6100
1698790822008 0.0 6200
1698790822009 0.0 6300
1698790822010 0.0 6400
1698790822010 0.0 6500
1698790822011 0.0 6600
1698790822011 0.0 6700
1698790822012 0.0 6800
1698790822013 0.0 6900
1698790822013 0.0 7000
1698790822014 0.0 7100
1698790822014 0.0 7200
1698790822015 0.0 7300
1698790822015 0.0 7400
1698790822016 0.0 7500
1698790822017 0.0 7600
1698790822017 0.0 7700
1698790822018 0.0 7800
1698790822018 0.0 7900
1698790822019 0.0 8000
1698790822019 0.0 8100
1698790822020 0.0 8200
1698790822021 0.0 8300
1698790822021 0.0 8400
1698790822022 0.0 8500
1698790822022 0.0 8600
1698790822023 0.0 8700
1698790822023 0.0 8800
1698790822024 0.0 8900
1698790822025 0.0 9000
1698790822025 0.0003333333333333333 9100
1698790822026 0.001 9200
1698790822026 0.004666666666666667 9300
1698790822027 0.012 9400
1698790822027 0.03866666666666667 9500
1698790822028 0.09733333333333333 9600
1698790822029 0.20933333333333334 9700
1698790822029 0.4063333333333333 9800
1698790822030 0.7343333333333333 9900
