1698790325912 0.0 0
1698790325913 0.0 100
1698790325915 0.0 200
1698790325916 0.0 300
1698790325917 0.0 400
1698790325918 0.0 500
1698790325919 0.0 600
1698790325921 0.0 700
1698790325922 0.0 800
1698790325923 0.0 900
1698790325924 0.0 1000
1698790325925 0.0 1100
1698790325926 0.0 1200
1698790325927 0.0 1300
1698790325928 0.0 1400
1698790325929 0.0 1500
1698790325930 0.0 1600
1698790325931 0.0 1700
1698790325932 0.0 1800
1698790325933 0.0 1900
1698790325934 0.0 2000
1698790325936 0.0 2100
1698790325937 0.0 2200
1698790325938 0.0 2300
1698790325939 0.0 2400
1698790325940 0.0 2500
1698790325941 0.0 2600
1698790325942 0.0 2700
1698790325943 0.0 2800
1698790325944 0.0 2900
1698790325945 0.0 3000
1698790325946 0.0 3100
1698790325947 0.0 3200
1698790325948 0.0 3300
1698790325949 0.0 3400
1698790325950 0.0 3500
1698790325952 0.0 3600
1698790325953 0.0 3700
1698790325954 0.0 3800
1698790325955 0.0 3900
1698790325956 0.0 4000
1698790325957 0.0 4100
1698790325958 0.0 4200
1698790325959 0.0 4300
1698790325960 0.0 4400
1698790325961 0.0 4500
1698790325962 0.0 4600
1698790325962 0.0 4700
1698790325963 0.0 4800
1698790325964 0.0 4900
1698790325964 0.0 5000
1698790325965 0.0 5100
1698790325965 0.0 5200
1698790325966 0.0 5300
1698790325967 0.0 5400
1698790325967 0.0 5500
1698790325968 0.0 5600
1698790325969 0.0 5700
1698790325969 0.0 5800
1698790325970 0.0 5900
1698790325970 0.0 6000
1698790325971 0.0 6100
1698790325971 0.0 6200
1698790325972 0.0 6300
1698790325973 0.0 6400
1698790325973 0.0 6500
1698790325974 0.0 6600
1698790325974 0.0 6700
1698790325975 0.0 6800
1698790325975 0.0 6900
1698790325976 0.0 7000
1698790325977 0.0 7100
1698790325977 0.0 7200
1698790325978 0.0 7300
1698790325978 0.0 7400
1698790325979 0.0 7500
1698790325979 0.0 7600
1698790325980 0.0 7700
1698790325981 0.0 7800
1698790325981 0.0 7900
1698790325982 0.0 8000
1698790325982 0.0 8100
1698790325983 0.0 8200
1698790325983 0.0 8300
1698790325984 0.0 8400
1698790325985 0.0 8500
1698790325985 0.0 8600
1698790325986 0.0 8700
1698790325986 0.0 8800
1698790325987 0.0 8900
1698790325987 0.0 9000
1698790325988 0.0 9100
1698790325989 0.0016666666666666668 9200
1698790325989 0.005 9300
1698790325990 0.01633333333333333 9400
1698790325990 0.042666666666666665 9500
1698790325991 0.10233333333333333 9600
1698790325991 0.21566666666666667 9700
1698790325992 0.412 9800
1698790325993 0.7593333333333333 9900
