1698789333230 0.0 0
1698789333231 0.0 100
1698789333232 0.0 200
1698789333233 0.0 300
1698789333235 0.0 400
1698789333236 0.0 500
1698789333237 0.0 600
1698789333238 0.0 700
1698789333239 0.0 800
1698789333240 0.0 900
1698789333242 0.0 1000
1698789333243 0.0 1100
1698789333244 0.0 1200
1698789333245 0.0 1300
1698789333246 0.0 1400
1698789333247 0.0 1500
1698789333248 0.0 1600
1698789333249 0.0 1700
1698789333250 0.0 1800
1698789333251 0.0 1900
1698789333252 0.0 2000
1698789333253 0.0 2100
1698789333254 0.0 2200
1698789333255 0.0 2300
1698789333256 0.0 2400
1698789333257 0.0 2500
1698789333258 0.0 2600
1698789333260 0.0 2700
1698789333261 0.0 2800
1698789333262 0.0 2900
1698789333263 0.0 3000
1698789333264 0.0 3100
1698789333265 0.0 3200
1698789333266 0.0 3300
1698789333267 0.0 3400
1698789333268 0.0 3500
1698789333270 0.0 3600
1698789333271 0.0 3700
1698789333272 0.0 3800
1698789333273 0.0 3900
1698789333274 0.0 4000
1698789333275 0.0 4100
1698789333276 0.0 4200
1698789333277 0.0 4300
1698789333278 0.0 4400
1698789333279 0.0 4500
1698789333281 0.0 4600
1698789333282 0.0 4700
1698789333283 0.0 4800
1698789333283 0.0 4900
1698789333284 0.0 5000
1698789333285 0.0 5100
1698789333285 0.0 5200
1698789333286 0.0 5300
1698789333287 0.0 5400
1698789333287 0.0 5500
1698789333288 0.0 5600
1698789333289 0.0 5700
1698789333289 0.0 5800
1698789333290 0.0 5900
1698789333290 0.0 6000
1698789333291 0.0 6100
1698789333292 0.0 6200
1698789333292 0.0 6300
1698789333293 0.0 6400
1698789333293 0.0 6500
1698789333294 0.0 6600
1698789333295 0.0 6700
1698789333295 0.0 6800
1698789333296 0.0 6900
1698789333296 0.0 7000
1698789333297 0.0 7100
1698789333298 0.0 7200
1698789333298 0.0 7300
1698789333299 0.0 7400
1698789333299 0.0 7500
1698789333300 0.0 7600
1698789333301 0.0 7700
1698789333301 0.0 7800
1698789333302 0.0 7900
1698789333302 0.0 8000
1698789333303 0.0 8100
1698789333304 0.0 8200
1698789333304 0.0 8300
1698789333305 0.0 8400
1698789333306 0.0 8500
1698789333306 0.0 8600
1698789333307 0.0 8700
1698789333307 0.0 8800
1698789333308 0.0 8900
1698789333309 0.0 9000
1698789333309 0.0 9100
1698789333310 0.0016666666666666668 9200
1698789333310 0.0036666666666666666 9300
1698789333311 0.009 9400
1698789333311 0.028666666666666667 9500
1698789333312 0.072 9600
1698789333313 0.16466666666666666 9700
1698789333313 0.346 9800
1698789333314 0.6853333333333333 9900
