1698788556555 35.0395 0
1698788625025 23.5688 1
1698788695816 22.7948 2
1698788766594 22.7511 3
1698788837318 22.1921 4
1698788908210 21.8005 5
1698788978964 21.585 6
1698789049808 21.8207 7
1698789120639 21.5318 8
1698789191534 21.2664 9
1698789262381 21.0411 10
1698789333225 20.8501 11
1698789404077 20.6998 12
1698789475060 20.5946 13
1698789545914 20.5303 14
1698789616693 20.9355 15
1698789688154 20.8283 16
1698789758988 20.7131 17
1698789829946 20.6103 18
1698789900808 20.5116 19
1698789971836 20.4204 20
1698790042622 20.3383 21
1698790113559 20.2586 22
1698790184302 20.178 23
1698790255007 20.1052 24
1698790325907 20.032 25
1698790396704 19.9667 26
1698790467553 19.9112 27
1698790538402 19.8673 28
1698790609281 19.8326 29
1698790680160 19.8161 30
1698790750996 20.3242 31
1698790821942 20.302 32
1698790892732 20.2576 33
1698790963352 20.2103 34
1698791034354 20.162 35
1698791105061 20.117 36
1698791175831 20.0758 37
1698791246767 20.0294 38
